Time,Inj Gas Meter Volume Instantaneous,Inj Gas Meter Volume Setpoint,Inj Gas Valve Percent Open,Rolling Std,Likelihood of Hydrate
2024-10-30 07:26:00,1846.6875,,,,0.0
2024-10-30 07:28:00,1851.7875,,,,0.0
2024-10-30 07:32:00,1837.92,,42.74531,,0.0
2024-10-30 07:36:00,1835.397,,42.74531,,0.0
2024-10-30 07:38:00,1768.491,,42.08155,,0.0
2024-10-30 07:40:00,1758.8685,,42.77792,,0.0
2024-10-30 07:44:00,1752.9030000000002,,42.77792,,0.0
2024-10-30 07:48:00,1731.0749999999998,,44.24355,,0.0
2024-10-30 07:50:00,1797.558,,48.44672,,0.0
2024-10-30 07:54:00,1818.8955,,48.44672,,0.0
2024-10-30 07:56:00,1815.3675,,48.44672,,0.0
2024-10-30 07:58:00,1814.337,1800.0,48.44672,,0.0
2024-10-30 08:02:00,1816.638,1800.0,48.44672,,0.0
2024-10-30 08:06:00,1825.578,1800.0,48.44672,,0.0
2024-10-30 08:08:00,1802.346,1800.0,48.44672,,0.0
2024-10-30 08:12:00,1805.289,1800.0,48.44672,,0.0
2024-10-30 08:14:00,1813.6245,1800.0,48.44672,,0.0
2024-10-30 08:16:00,1823.634,1800.0,48.44672,,0.0
2024-10-30 08:20:00,1812.2595,1800.0,48.44672,,0.0
2024-10-30 08:22:00,1820.7,1800.0,48.44672,31.77453432110415,3.4853316664668914
2024-10-30 08:26:00,1810.869,1800.0,48.44672,30.428549987332246,3.337691365159699
2024-10-30 08:28:00,1808.3685,1800.0,48.44672,28.450171798991004,3.1206841203519167
2024-10-30 08:30:00,1821.2325,1800.0,48.44672,27.620371331336557,3.029663751098411
2024-10-30 08:36:00,1796.3505,1800.0,48.44672,26.544485428635625,2.911650402160098
2024-10-30 08:38:00,1821.2985,1800.0,48.44672,25.785551091176163,2.8284033008057383
2024-10-30 08:40:00,1828.995,1800.0,48.44672,24.13211902483801,2.6470392222350374
2024-10-30 08:44:00,1815.648,1800.0,48.44672,20.561975486447505,2.2554320879671392
2024-10-30 08:46:00,1820.6445,1800.0,48.44672,8.931150766124333,0.9796531482914113
2024-10-30 08:48:00,1818.4095,1800.0,48.44672,8.02240745875061,0.879973581193056
2024-10-30 08:50:00,1813.3485,1800.0,48.44672,7.995562941571921,0.8770290204687858
2024-10-30 08:52:00,1825.4085,1800.0,48.44672,8.312495332646519,0.9117931648486357
2024-10-30 08:56:00,1819.4985,1800.0,48.44672,8.346406294856664,0.9155128401470044
2024-10-30 09:00:00,1826.3505,1800.0,48.44672,8.661652253802215,0.9500920006890644
2024-10-30 09:04:00,1825.491,1800.0,48.44672,8.65686984636189,0.9495674209761009
2024-10-30 09:08:00,1819.2329999999995,1800.0,48.44672,8.003804048043781,0.8779329830276964
2024-10-30 09:10:00,1805.0955,1800.0,48.44672,8.019230729078235,0.8796251274152272
2024-10-30 09:14:00,1805.0295,1800.0,48.44672,8.446769165088943,0.9265215896765213
2024-10-30 09:16:00,1820.541,1800.0,48.44672,8.344554352950782,0.9153097016303611
2024-10-30 09:18:00,1826.283,1800.0,48.44672,8.535378904271445,0.9362411445505332
2024-10-30 09:24:00,1815.4365,1800.0,48.44672,8.510673566755832,0.9335312292987863
2024-10-30 09:26:00,1819.677,1800.0,48.44672,8.394193814892656,0.9207546276476553
2024-10-30 09:28:00,1811.061,1800.0,48.44672,8.25855647766276,0.9058766407092719
2024-10-30 09:32:00,1797.777,1800.0,48.44672,9.333672214473987,1.0238055105632753
2024-10-30 09:34:00,1825.0515,1800.0,48.44672,8.197063089069967,0.8991314638209212
2024-10-30 09:38:00,1792.6455,1800.0,48.44672,9.916389917010662,1.0877235035301454
2024-10-30 09:42:00,1797.6015000000002,1800.0,48.44672,10.324247264392676,1.1324611577115182
2024-10-30 09:44:00,1795.2075,1800.0,48.44672,11.229932220204926,1.231805255863683
2024-10-30 09:48:00,1818.7290000000005,1800.0,48.44672,11.178236961426048,1.2261348305914375
2024-10-30 09:50:00,1812.546,1800.0,48.44672,11.130356901019857,1.2208828923870998
2024-10-30 09:52:00,1798.5614999999998,1800.0,48.44672,11.627982394428182,1.2754671664692943
2024-10-30 09:56:00,1791.909,1800.0,48.44672,12.127481437345285,1.3302569491945313
2024-10-30 09:58:00,1791.7695,1800.0,48.44672,12.698761072391195,1.3929203066590876
2024-10-30 10:00:00,1791.2835,1800.0,48.44672,12.714175870905137,1.3946111476593022
2024-10-30 10:04:00,1777.815,1800.0,48.44672,13.702349566194712,1.5030033915032925
2024-10-30 10:06:00,1759.953,1800.0,48.44672,16.696745779767742,1.8314571098063457
2024-10-30 10:12:00,1783.0320000000002,1800.0,48.44672,17.24977101867412,1.8921181523266644
2024-10-30 10:14:00,1788.7125,1800.0,48.44672,17.463350640754797,1.91554558678179
2024-10-30 10:16:00,1784.0625,1800.0,48.44672,17.19366464519861,1.8859638742438245
2024-10-30 10:18:00,1787.727,1800.0,48.44672,16.09477538029268,1.7654272988148232
2024-10-30 10:20:00,1803.6885,1800.0,48.44672,15.594162807212953,1.7105153735619212
2024-10-30 10:22:00,1764.4605,1800.0,48.44672,16.142005897717237,1.7706079889970892
2024-10-30 10:24:00,1781.7255,1800.0,48.44672,15.808868258702594,1.7340662996424614
2024-10-30 10:28:00,1791.4185,1800.0,48.44672,15.754926269243638,1.7281494316841903
2024-10-30 10:30:00,1783.0815,1800.0,48.44672,13.77714445956876,1.511207603333187
2024-10-30 10:36:00,1781.2859999999998,1800.0,48.44672,13.887222087795184,1.523281959468512
2024-10-30 10:38:00,1786.215,1800.0,48.44672,13.758701061580254,1.509184556877274
2024-10-30 10:42:00,1769.3579999999995,1800.0,48.44672,14.31410825337816,1.5701068745356317
2024-10-30 10:44:00,1776.3540000000005,1800.0,48.44672,12.441196158960752,1.3646681491332513
2024-10-30 10:46:00,1771.0635000000002,1800.0,48.44672,11.028334495472418,1.209692109316915
2024-10-30 10:48:00,1765.917,1800.0,48.44672,11.046774645495766,1.2117147995052677
2024-10-30 10:50:00,1802.601,1800.0,48.44672,11.80743025141597,1.2951507058759997
2024-10-30 10:54:00,1787.2605,1800.0,48.44672,11.654665027697803,1.2783939702342062
2024-10-30 10:58:00,1789.8195,1800.0,48.44672,11.596755808707432,1.2720419389915816
2024-10-30 11:02:00,1808.3115,1800.0,48.44672,12.971744668066112,1.4228637311894623
2024-10-30 11:06:00,1767.6974999999998,1800.0,48.44672,12.338167103063062,1.3533669471248273
2024-10-30 11:08:00,1791.9165000000005,1800.0,48.44672,12.472453248399182,1.3680967225474332
2024-10-30 11:10:00,1787.235,1800.0,48.44672,12.448258347739083,1.3654427968412222
2024-10-30 11:12:00,1787.8049999999998,1800.0,48.44672,12.476395944756861,1.3685291948010883
2024-10-30 11:16:00,1794.987,1800.0,48.44672,12.686813275450044,1.3916097592061278
2024-10-30 11:18:00,1771.656,1800.0,48.44672,12.162641455766433,1.3341136328002892
2024-10-30 11:24:00,1784.1405,1800.0,48.44672,11.352155057287023,1.245211813459233
2024-10-30 11:26:00,1759.9679999999998,1800.0,48.44672,12.55917102451335,1.3776087490049085
2024-10-30 11:28:00,1788.5880000000002,1800.0,48.44672,12.47383909575522,1.3682487354023212
2024-10-30 11:30:00,1757.7405,1800.0,48.44672,13.669510556053288,1.499401298053718
2024-10-30 11:34:00,1778.2020000000002,1800.0,48.44672,13.68938436430327,1.50158124544577
2024-10-30 11:38:00,1796.397,1800.0,48.44672,14.064350142711518,1.5427110410273739
2024-10-30 11:40:00,1790.9474999999998,1800.0,48.44672,13.882368995157538,1.5227496263340796
2024-10-30 11:46:00,1767.7979999999998,1800.0,48.44672,14.223337045774858,1.560150229347189
2024-10-30 11:48:00,1766.3745,1800.0,48.44672,14.45851788272504,1.5859470895020908
2024-10-30 11:50:00,1765.8390000000002,1800.0,48.44672,14.4631702924077,1.5864574098305804
2024-10-30 11:52:00,1769.85,1800.0,48.44672,13.881793771806693,1.5226865303925394
2024-10-30 11:56:00,1762.7954999999995,1800.0,48.44672,14.336916141714314,1.5726086596022482
2024-10-30 11:58:00,1763.133,1800.0,48.44672,14.556640321966407,1.5967100873551157
2024-10-30 11:58:00,1792.0215,1800.0,42.85744,13.164582218567077,1.444015978912524
2024-10-30 11:58:00,1759.8645,1800.0,48.86035,13.574022981122546,1.4889273170569548
2024-10-30 11:58:00,1784.877,1800.0,49.57977,13.250552718831818,1.4534460370819584
2024-10-30 11:58:00,1791.4140000000002,1800.0,49.57977,13.459858526738143,1.4764046791473067
2024-10-30 11:58:00,1764.3359999999998,1800.0,49.57977,13.465611273158114,1.4770356948236987
2024-10-30 11:58:00,1756.6754999999998,1800.0,49.57977,13.278241374120409,1.456483190863788
2024-10-30 11:58:00,1757.076,1800.0,49.57977,13.78301366823942,1.5118513936915356
2024-10-30 11:58:00,1762.083,1800.0,49.57977,13.718741793880405,1.5048014461863137
2024-10-30 11:58:00,1773.1965,1800.0,49.57977,13.434252716467922,1.4735959915209684
2024-10-30 11:58:00,1780.344,1800.0,49.57977,13.03387911266667,1.4296792251682624
2024-10-30 11:58:00,1754.6145,1800.0,49.57977,13.231727072195904,1.4513810619764607
2024-10-30 11:58:00,1814.943,1800.0,50.10476,16.339449430263564,1.79226546442595
2024-10-30 11:58:00,1819.4235,1800.0,50.10476,18.666339910082815,2.04750083598977
2024-10-30 11:58:00,1787.547,1800.0,50.10476,18.52725593934622,2.032244789666402
2024-10-30 11:58:00,1828.4235,1800.0,50.10476,21.9754413651101,2.410474403822612
2024-10-30 11:58:00,1809.747,1800.0,50.10476,22.914668467116137,2.5134977220416723
2024-10-30 11:58:00,1784.8785000000005,1800.0,50.10476,22.69374919227603,2.489265205002966
2024-10-30 11:58:00,1763.6174999999998,1800.0,50.10476,22.89482521450177,2.5113211262809405
2024-10-30 11:58:00,1814.148,1800.0,50.10476,23.665409237998304,2.595846075462717
2024-10-30 11:58:00,1841.817,1800.0,50.10476,26.534551990542248,2.910560808651225
2024-10-30 11:58:00,1846.4204999999995,1800.0,50.10476,29.673207869564322,3.2548382924610326
2024-10-30 11:58:00,1862.4825,1800.0,47.46626,32.923559710524835,3.611367646565032
2024-10-30 11:58:00,1792.9410000000005,1800.0,43.62341,32.84359156480383,3.602595983453515
2024-10-30 11:58:00,1793.9385000000002,1800.0,43.62341,32.83269408928427,3.6014006451952407
2024-10-30 11:58:00,1797.2759999999998,1800.0,43.62341,32.00647495351526,3.5107731103198034
2024-10-30 11:58:00,0.0,1800.0,58.04813,403.4738109828804,44.25682641947352
2024-10-30 11:58:00,0.0,1800.0,100.0,555.2571307483126,60.90585754212847
2024-10-30 11:58:00,0.0,1800.0,100.0,661.4088091355937,72.54957834045562
2024-10-30 11:58:00,0.0,1800.0,100.0,741.5479928555137,81.34000251854752
2024-10-30 11:58:00,1763.775,1800.0,49.30632,741.1623495752973,81.29770151350634
2024-10-30 11:58:00,1753.9155,1800.0,49.30632,741.1469378122908,81.29601100546931
2024-10-30 11:58:00,1795.3469999999998,1800.0,49.30632,740.6431937410455,81.24075558785836
2024-10-30 11:58:00,1808.049,1800.0,49.30632,740.3430651088338,81.20783463879614
2024-10-30 11:58:00,0.0,1800.0,100.0,801.8077315769893,87.94986101266508
2024-10-30 11:58:00,0.0,1800.0,100.0,847.6547400570036,92.97879483914883
2024-10-30 11:58:00,0.0,1800.0,100.0,881.9417217272311,96.73971551087817
2024-10-30 11:58:00,0.0,1800.0,100.0,906.5103309460782,99.43463310891907
2024-10-30 11:58:00,1884.0645,1800.0,47.77804,911.664580642744,100.0
2024-10-30 11:58:00,1804.113,1800.0,41.98335,911.2463955393645,99.95412949978986
2024-10-30 11:58:00,1820.664,1800.0,41.98335,910.3362715735756,99.85429848900876
2024-10-30 11:58:00,1809.165,1800.0,41.98335,908.735397411176,99.67869945879625
2024-10-30 11:58:00,1808.1645,1800.0,41.98335,906.3653049782065,99.41872528810966
2024-10-30 11:58:00,1808.2215,1800.0,41.98335,907.0027349682867,99.48864464261948
2024-10-30 11:58:00,1794.0315,1800.0,41.98335,907.0065754443684,99.48906590238576
2024-10-30 11:58:00,1778.4435,1800.0,41.98335,906.2347340311786,99.4044030308014
2024-10-30 11:58:00,1789.2614999999998,1800.0,41.98335,881.8504410774898,96.72970298525424
2024-10-30 11:58:00,1747.764,1800.0,41.98335,845.5677704714062,92.74987626208555
2024-10-30 11:58:00,1783.1055,1800.0,41.98335,798.6179793631565,87.59997879923259
2024-10-30 11:58:00,1793.1420000000005,1800.0,41.98335,737.7219159265528,80.92032218762324
2024-10-30 11:58:00,1759.7145,1800.0,41.98335,737.6278230443617,80.91000118972677
2024-10-30 11:58:00,1763.7255,1800.0,41.98335,737.8529801968689,80.934698557299
2024-10-30 11:58:00,1794.417,1800.0,48.69869,737.829260393805,80.93209674479388
2024-10-30 11:58:00,1771.116,1800.0,48.69869,736.8981434521442,80.82996302572317
2024-10-30 11:58:00,1810.9815,1800.0,48.38039,658.3017446560281,72.20876610034696
2024-10-30 11:58:00,1798.389,1800.0,48.38039,553.3465215912555,60.69628384609763
2024-10-30 11:58:00,1837.719,1800.0,47.6637,403.06564981787756,44.212055439699895
2024-10-30 11:58:00,1868.8575,1800.0,43.36707,33.61215783544536,3.686899606404368
2024-10-30 11:58:00,1769.5005,1800.0,42.4053,28.060088607113915,3.0778961037765584
2024-10-30 11:58:00,1807.8315,1800.0,42.4053,28.132215114531398,3.0858076217787858
2024-10-30 11:58:00,1818.5715,1800.0,42.4053,28.038262667612482,3.0755020281521603
2024-10-30 11:58:00,1817.2545,1800.0,42.4053,28.30127051574775,3.1043512182731416
2024-10-30 11:58:00,1793.4795,1800.0,42.4053,28.159492242782363,3.0887996353800746
2024-10-30 11:58:00,1800.1635,1800.0,42.4053,28.0218371823937,3.0737003254681317
2024-10-30 11:58:00,1811.3160000000005,1800.0,42.4053,28.260028211836982,3.099827372026785
2024-10-30 11:58:00,1806.45,1800.0,42.4053,28.05108301878181,3.0769082856114873
2024-10-30 11:58:00,1836.351,1800.0,42.4053,29.303449570820522,3.214279702537191
2024-10-30 11:58:00,1832.265,1800.0,42.4053,27.488115419733283,3.015156670927541
2024-10-30 11:58:00,1786.1325000000002,1800.0,42.4053,27.37675991982115,3.002942145730826
2024-10-30 11:58:00,1759.185,1800.0,42.4053,29.077194568707444,3.189461912429171
2024-10-30 11:58:00,1855.7625,1800.0,47.8242,29.622546887679974,3.2492813164678847
2024-10-30 11:58:00,1840.9665,1800.0,47.8242,28.708377582752068,3.149006574601376
2024-10-30 11:58:00,1837.1595,1800.0,46.09484,29.011150153006934,3.182217535812724
2024-10-30 11:58:00,1843.587,1800.0,45.56519,28.016869037436184,3.0731553723063
2024-10-30 11:58:00,1864.0485,1800.0,43.76795,29.906301011841265,3.2804061545043957
2024-10-30 11:58:00,1785.8775,1800.0,43.34095,30.49076910022697,3.3445161463583784
2024-10-30 11:58:00,1813.2495,1800.0,42.80221,30.173513777079215,3.309716579732231
2024-10-30 11:58:00,1825.212,1800.0,42.80221,27.735900708993313,3.0423361067114048
2024-10-30 11:58:00,1811.3475,1800.0,42.80221,25.601851620684823,2.8082534041889557
2024-10-30 11:58:00,1775.307,1800.0,42.80221,27.217634922007647,2.9854878098717625
2024-10-30 11:58:00,1766.259,1800.0,42.80221,29.35525402416649,3.2199621053030687
2024-10-30 11:58:00,1773.873,1800.0,42.80221,30.605787136203965,3.3571324131761484
2024-10-30 11:58:00,1761.7709999999995,1800.0,42.80221,32.32846059437853,3.5460915429648736
2024-10-30 11:58:00,1759.6965,1800.0,43.36502,34.14655553149453,3.745517403716665
2024-10-30 11:58:00,1747.611,1800.0,45.03383,36.63211200259543,4.018156762958693
2024-10-30 11:58:00,1797.882,1800.0,49.02493,36.65334550081717,4.020485854016149
2024-10-30 11:58:00,1764.5745000000002,1800.0,49.02493,36.799409353137264,4.036507519815331
2024-10-30 11:58:00,1764.5715,1800.0,49.02493,36.79725631765937,4.036271354505894
2024-10-30 11:58:00,1798.0304999999998,1800.0,49.02493,36.713439372884565,4.027077518685739
2024-10-30 11:58:00,1782.4425,1800.0,49.02493,35.79963891390635,3.9268432353340743
2024-10-30 11:58:00,1811.0235,1800.0,49.02493,33.34428432359758,3.6575167042344794
2024-10-30 11:58:00,1814.004,1800.0,49.02493,31.9563023023487,3.5052696990617744
2024-10-30 11:58:00,1815.7365,1800.0,49.02493,30.802627014371087,3.378723674079182
2024-10-30 11:58:00,1823.3895,1800.0,49.02493,29.382990105765966,3.22300446125156
2024-10-30 11:58:00,1814.7555,1800.0,49.02493,24.801940558845043,2.7205115878648174
2024-10-30 11:58:00,1843.6395,1800.0,49.02493,27.475121367679133,3.013731360311109
2024-10-30 11:58:00,1811.9745,1800.0,49.02493,27.427636511905742,3.0085227718914607
2024-10-30 11:58:00,1833.828,1800.0,49.02493,28.018939734960195,3.073382506009635
2024-10-30 11:58:00,1828.6005,1800.0,49.02493,28.847899583309378,3.1643106681813786
2024-10-30 11:58:00,1817.5905,1800.0,48.41274,28.92056754934008,3.1722815784891445
2024-10-30 11:58:00,1848.939,1800.0,48.41274,30.24005091034342,3.317015002274576
2024-10-30 11:58:00,1801.0589999999995,1800.0,48.41274,29.57454516377852,3.2440160330598564
2024-10-30 11:58:00,1787.451,1800.0,48.41274,28.261815112158835,3.1000233761668814
2024-10-30 11:58:00,1780.0170000000005,1800.0,48.41274,26.94481279247176,2.9555620964757745
2024-10-30 11:58:00,1761.2820000000002,1800.0,48.41274,25.567727839845368,2.8045103849290216
2024-10-30 11:58:00,1791.1935,1800.0,48.41274,25.7096246650561,2.8200749717544404
2024-10-30 11:58:00,1769.034,1800.0,48.41274,25.360224707212247,2.781749477349742
2024-10-30 11:58:00,1790.4435,1800.0,48.41274,23.805527223299393,2.611215542290341
2024-10-30 11:58:00,1832.667,1800.0,48.41274,24.42995699766051,2.6797089100946363
2024-10-30 11:58:00,1851.081,1800.0,48.41274,25.457123600752652,2.792378265129573
2024-10-30 11:58:00,1845.8745,1800.0,47.83913,26.598250487090343,2.9175478626511935
2024-10-30 11:58:00,1860.9495,1800.0,44.4893,28.670364433499355,3.144836932601473
2024-10-30 11:58:00,1825.713,1800.0,42.35112,28.76179152727136,3.1548655215927828
2024-10-30 11:58:00,1814.916,1800.0,42.35112,28.709171277745515,3.149093634580484
2024-10-30 11:58:00,1798.9125,1800.0,42.35112,28.949822655345898,3.175490555411906
2024-10-30 11:58:00,1801.3215,1800.0,42.35112,28.26624685346883,3.1005094914996576
2024-10-30 11:58:00,1795.5,1800.0,42.35112,28.52559148199528,3.1289568650220123
2024-10-30 11:58:00,1767.795,1800.0,42.35112,29.643611574135157,3.2515918906530015
2024-10-30 11:58:00,1774.584,1800.0,42.35112,30.17348333880279,3.309713240973978
2024-10-30 11:58:00,1781.7285,1800.0,42.35112,30.50075067639027,3.345611020106381
2024-10-30 11:58:00,1815.9885,1800.0,42.35112,28.788762746449237,3.157823980191543
2024-10-30 11:58:00,1773.9135,1800.0,42.35112,29.48556776917621,3.234256150259586
2024-10-30 11:58:00,1745.3505,1800.0,42.91142,31.908407606984138,3.5000161555566844
2024-10-30 11:58:00,1764.2804999999998,1800.0,44.09649,32.585725225644545,3.5743107627007817
2024-10-30 11:58:00,1733.1405,1800.0,47.05225,34.79324032545721,3.8164519127119316
2024-10-30 11:58:00,1790.19,1800.0,48.87258,34.80235088637042,3.8174512452632503
2024-10-30 11:58:00,1796.0055,1800.0,48.87258,34.19236094568142,3.7505417750873944
2024-10-30 11:58:00,1839.7185,1800.0,48.87258,35.372763384756546,3.8800194869716176
2024-10-30 11:58:00,1859.5065,1800.0,48.21951,37.12386214931323,4.072096573406425
2024-10-30 11:58:00,1827.0225,1800.0,42.82277,35.81031033350408,3.92801377763925
2024-10-30 11:58:00,1766.0445,1800.0,42.13843,34.939142576361796,3.8324558525383225
2024-10-30 11:58:00,1783.0485,1800.0,42.13843,31.571150017819253,3.4630225510747477
2024-10-30 11:58:00,1766.0595,1800.0,42.13843,31.105931285513577,3.4119929572763703
2024-10-30 11:58:00,1774.0515,1800.0,42.13843,30.705501419302713,3.3680700195300606
2024-10-30 11:58:00,1767.5655,1800.0,42.13843,30.902889122093086,3.389721371022866
2024-10-30 11:58:00,1742.799,1800.0,42.6709,32.13588790543473,3.524968347764285
2024-10-30 11:58:00,1730.88,1800.0,48.1735,34.02846011096145,3.7325635802337103
2024-10-30 11:58:00,1824.8775,1800.0,48.85738,35.321651847702,3.8744130898229527
2024-10-30 11:58:00,1827.0495,1800.0,48.85738,36.60147085787867,4.014795752191426
2024-10-30 11:58:00,1811.9325,1800.0,48.85738,37.059609788074575,4.065048766284933
2024-10-30 11:58:00,1814.7855,1800.0,48.85738,37.010978570477604,4.059714434050298
2024-10-30 11:58:00,1794.8415,1800.0,48.85738,36.91989464099605,4.049723486566374
2024-10-30 11:58:00,1786.3515000000002,1800.0,48.85738,35.54216511690006,3.8986010723200453
2024-10-30 11:58:00,1803.2715,1800.0,48.85738,35.12361841159457,3.852690908188144
2024-10-30 11:58:00,1810.6845,1800.0,48.85738,32.46891322297687,3.5614977166367
2024-10-30 11:58:00,1821.51,1800.0,48.85738,32.93431587884466,3.612547484912184
2024-10-30 11:58:00,1832.487,1800.0,48.85738,33.85052434294614,3.713045901057246
2024-10-30 11:58:00,1844.994,1800.0,48.85738,34.20141202028367,3.7515345826170967
2024-10-30 11:58:00,1827.228,1800.0,47.66271,31.90462377701569,3.499601109272252
2024-10-30 11:58:00,1814.2275,1800.0,47.66271,31.413889632868965,3.4457727436028573
2024-10-30 11:58:00,1833.5475,1800.0,47.66271,31.512577809925357,3.456597796934074
2024-10-30 11:58:00,1803.0615,1800.0,47.10257,31.242179835209136,3.4269379877830395
2024-10-30 11:58:00,1836.2985,1800.0,47.10257,30.982291395931206,3.3984309639503594
2024-10-30 11:58:00,1839.5265,1800.0,47.10257,30.985619670944047,3.3987960406554887
2024-10-30 11:58:00,1835.115,1800.0,47.10257,29.965505730179544,3.286900288377244
2024-10-30 11:58:00,1818.4755,1800.0,47.10257,25.195863290643977,2.7637207615195853
2024-10-30 11:58:00,1860.9225,1800.0,46.9557,17.923838378191707,1.9660562402846669
2024-10-30 11:58:00,1834.7115,1800.0,45.43266,18.138813752548522,1.9896367740600662
2024-10-30 11:58:00,1831.4115,1800.0,45.43266,18.221783773886546,1.9987377113016476
2024-10-30 11:58:00,1819.6575,1800.0,45.43266,18.061153266702764,1.9811182369253881
2024-10-30 11:58:00,1830.4155,1800.0,45.43266,18.01802911215559,1.9763879714897419
2024-10-30 11:58:00,1801.7295,1800.0,45.43266,17.490737143509104,1.9185495976138223
2024-10-30 11:58:00,1809.9885,1800.0,45.43266,15.475395861178269,1.6974878908060427
2024-10-30 11:58:00,1814.1255,1800.0,45.43266,14.833198245194016,1.627045577962048
2024-10-30 11:58:00,1825.8555,1800.0,45.43266,14.389729071264194,1.5784016815832762
2024-10-30 11:58:00,1799.4645,1800.0,45.43266,15.606338913800709,1.7118509641778439
2024-10-30 11:58:00,1806.3795,1800.0,45.43266,16.089814377332434,1.7648831290548497
2024-10-30 11:58:00,1832.778,1800.0,45.43266,15.485682435284746,1.6986162196152221
2024-10-30 11:58:00,1812.372,1800.0,45.43266,15.665128254961086,1.7182995355503248
2024-10-30 11:58:00,1830.2084999999995,1800.0,45.43266,15.601388670046472,1.71130797458942
2024-10-30 11:58:00,1816.452,1800.0,45.43266,15.507393579491314,1.700997703405155
2024-10-30 11:58:00,1825.9875,1800.0,45.43266,14.79085186642448,1.6224006263352468
2024-10-30 11:58:00,1821.7605,1800.0,45.43266,14.514125860792745,1.5920466988593505
2024-10-30 11:58:00,1849.8375,1800.0,44.86261,15.281192995253896,1.676185882364796
2024-10-30 11:58:00,1855.2015,1800.0,44.86261,16.656472861834015,1.8270395949890723
2024-10-30 11:58:00,1840.05,1800.0,44.86261,16.916002741029384,1.8555072885581692
2024-10-30 11:58:00,1839.984,1800.0,44.86261,15.19950689339218,1.6672257775635184
2024-10-30 11:58:00,1816.722,1800.0,44.18077,15.121568324844269,1.6586767376860492
2024-10-30 11:58:00,1834.6155,1800.0,44.18077,15.2206540738075,1.6695454004669785
2024-10-30 11:58:00,1845.462,1800.0,44.18077,15.895900682654112,1.743612839652841
2024-10-30 11:58:00,1841.511,1800.0,44.18077,16.26689464551235,1.7843069689121658
2024-10-30 11:58:00,1844.157,1800.0,43.43096,15.688048541792787,1.7208136495477713
2024-10-30 11:58:00,1827.075,1800.0,42.88447,15.101498878999077,1.6564753309108688
2024-10-30 11:58:00,1807.752,1800.0,42.88447,15.494048332289772,1.6995338703809377
2024-10-30 11:58:00,1793.0865,1800.0,42.88447,17.421338663355666,1.9109373154623635
2024-10-30 11:58:00,1803.561,1800.0,42.88447,17.101170790260927,1.875818272791098
2024-10-30 11:58:00,1823.976,1800.0,42.88447,16.409709857025284,1.7999722930396254
2024-10-30 11:58:00,1812.036,1800.0,42.88447,16.752202731743562,1.8375401531924036
2024-10-30 11:58:00,1798.818,1800.0,42.88447,17.63011883209689,1.9338383004489723
2024-10-30 11:58:00,1809.6165,1800.0,42.88447,17.994300844321856,1.97378523048855
2024-10-30 11:58:00,1821.891,1800.0,42.88447,17.893035613337748,1.962677501491037
2024-10-30 11:58:00,1817.2065,1800.0,42.88447,17.991906781052073,1.9735226269696005
2024-10-30 11:58:00,1834.188,1800.0,42.88447,18.080667590806822,1.9832587526938412
2024-10-30 11:58:00,1823.991,1800.0,42.88447,17.176023680889827,1.8840288463088415
2024-10-30 11:58:00,1819.14,1800.0,42.88447,15.609837058652195,1.712234673814673
2024-10-30 11:58:00,1821.939,1800.0,42.88447,15.068875145400563,1.652896851030087
2024-10-30 11:58:00,1819.3875,1800.0,42.88447,14.4546475855805,1.5855225586793826
2024-10-30 11:58:00,1849.3305,1800.0,42.88447,15.750630280631482,1.7276782069921959
2024-10-30 11:58:00,1834.905,1800.0,42.88447,15.762540040006341,1.728984582124864
2024-10-30 11:58:00,1832.9385,1800.0,42.88447,15.0321536638629,1.6488688913706502
2024-10-30 11:58:00,1785.2234999999998,1800.0,42.25689,16.362823842066014,1.794829391148426
2024-10-30 11:58:00,1795.1835,1800.0,42.25689,16.063359723878374,1.76198133227391
2024-10-30 11:58:00,1785.333,1800.0,42.25689,17.290440622609303,1.8965791794191624
2024-10-30 11:58:00,1784.505,1800.0,42.25689,18.504928783272195,2.0297957358643686
2024-10-30 11:58:00,1767.4395,1800.0,42.25689,20.734643533741842,2.274371953676587
2024-10-30 11:58:00,1789.764,1800.0,42.25689,21.254261193570088,2.3313685367249164
2024-10-30 11:58:00,1773.147,1800.0,42.25689,22.656528215198264,2.4851824559450257
2024-10-31 12:00:00,1771.632,1800.0,42.25689,24.107590882449163,2.644348743421925
2024-10-31 12:04:00,1793.2620000000002,1800.0,42.25689,24.235826656283884,2.6584148568322226
2024-10-31 12:06:00,1775.5500000000002,1800.0,42.25689,25.183926097646648,2.762411377207549
2024-10-31 12:08:00,1782.3959999999995,1800.0,42.25689,25.321142529143522,2.7774625741510706
2024-10-31 12:10:00,1773.054,1800.0,42.25689,25.918787810202033,2.843017965217943
2024-10-31 12:12:00,1772.6745,1800.0,42.25689,25.36914071189923,2.7827274691327175
2024-10-31 12:14:00,1764.06225,1800.0,42.25689,25.618432232568683,2.8100721226338656
2024-10-31 12:16:00,1769.625,1800.0,42.25689,25.508634562287803,2.7980284749357756
2024-10-31 12:18:00,1794.7935,1800.0,42.25689,24.539338678854016,2.6917069281723363
2024-10-31 12:20:00,1767.5834999999995,1800.0,42.25689,24.08284972407422,2.6416348989992864
2024-10-31 12:24:00,1750.602,1800.0,42.25689,20.765888980507384,2.2777992500122104
2024-10-31 12:26:00,1786.2255,1800.0,42.25689,16.872423044430523,1.8507270549586434
2024-10-31 12:28:00,1764.381,1800.0,42.25689,11.960798240148694,1.3119735584896874
2024-10-31 12:30:00,1769.2642499999995,1800.0,42.25689,11.938233051215313,1.3094983949906873
2024-10-31 12:34:00,1772.7464999999995,1800.0,42.78667,11.118554354197045,1.219588277341894
2024-10-31 12:36:00,1766.2695,1800.0,42.78667,11.039237827499761,1.2108880899723942
2024-10-31 12:38:00,1753.63575,1800.0,43.31398,11.697602348658084,1.2831037419936848
2024-10-31 12:40:00,1763.3685,1800.0,43.31398,11.832363643424152,1.2978856363029998
2024-10-31 12:42:00,1760.0504999999998,1800.0,43.31398,11.436060477519716,1.2544153541050191
2024-10-31 12:46:00,1780.4265,1800.0,43.31398,11.615186821490232,1.274063626920908
2024-10-31 12:48:00,1779.273,1800.0,43.31398,11.74195566231418,1.2879688332342403
2024-10-31 12:50:00,1778.5335,1800.0,43.31398,10.756272668257775,1.1798497930756904
2024-10-31 12:52:00,1771.044,1800.0,43.31398,10.708013326020136,1.1745562516502228
2024-10-31 12:54:00,1770.165,1800.0,43.31398,10.366772052646898,1.137125678979224
2024-10-31 12:56:00,1784.46,1800.0,44.67417,10.824721373074649,1.1873578948787258
2024-10-31 12:58:00,1767.0375,1800.0,44.67417,10.851063718326081,1.1902473726330178
2024-10-31 01:00:00,1760.5695,1800.0,45.26545,10.990343365086234,1.2055248825546996
2024-10-31 01:02:00,1785.765,1800.0,45.26545,11.503104741918493,1.261769403590139
2024-10-31 01:04:00,1763.853,1800.0,45.26545,10.18346515275442,1.1170188432213577
2024-10-31 01:06:00,1769.712,1800.0,45.26545,10.170606306171065,1.115608363220666
2024-10-31 01:10:00,1763.232,1800.0,45.26545,9.26293376729165,1.0160462481454609
2024-10-31 01:12:00,1771.416,1800.0,45.26545,8.500269502476502,0.932390013055418
2024-10-31 01:16:00,1766.9085,1800.0,45.26545,8.434622541292182,0.9251892330121659
2024-10-31 01:20:00,1759.899,1800.0,47.66251,8.725921230024618,0.9571416302992322
2024-10-31 01:22:00,1780.095,1800.0,47.66251,9.023092774461631,0.9897382179858462
2024-10-31 01:24:00,1765.4895,1800.0,47.66251,9.040758857338348,0.9916760011631044
2024-10-31 01:26:00,1750.9575,1800.0,47.66251,9.307845310733757,1.0209725713125235
2024-10-31 01:28:00,1782.618,1800.0,47.66251,9.618243210731617,1.0550199508629083
2024-10-31 01:34:00,1788.09,1800.0,47.66251,10.037788794409808,1.1010396814289902
2024-10-31 01:36:00,1771.743,1800.0,47.66251,9.83891662963941,1.079225500095962
2024-10-31 01:38:00,1766.94675,1800.0,47.66251,9.714499074739777,1.065578205077446
2024-10-31 01:40:00,1756.3965,1800.0,47.66251,10.057259700059241,1.1031754346503895
2024-10-31 01:42:00,1783.2435,1800.0,47.66251,10.495799941779412,1.151278679092659
2024-10-31 01:44:00,1846.5405,1800.0,48.97137,19.992330964435855,2.192948085176328
2024-10-31 01:46:00,1843.395,1800.0,47.19631,25.233075059349193,2.7678025005160682
2024-10-31 01:48:00,1841.472,1800.0,45.43742,28.88154478898448,3.1680011927876306
2024-10-31 01:50:00,1860.7785,1800.0,43.98788,33.49033847598843,3.673537306053613
2024-10-31 01:52:00,1820.5425,1800.0,42.49269,34.37268376865494,3.770321289044862
2024-10-31 01:54:00,1806.285,1800.0,42.49269,34.13417313187469,3.7441591849284452
2024-10-31 01:58:00,1817.661,1800.0,42.49269,34.33319182680998,3.765989439076849
2024-10-31 02:00:00,1830.41775,1800.0,42.49269,34.63668451270246,3.7992793893871384
2024-10-31 02:04:00,1846.716,1800.0,42.49269,35.94373552886956,3.9426491159202897
2024-10-31 02:06:00,1805.247,1800.0,41.83232,35.138078266940845,3.854277001983307
2024-10-31 02:08:00,1787.871,1800.0,41.83232,33.942893712186894,3.7231778477404913
2024-10-31 02:10:00,1778.193,1800.0,41.83232,34.01193491964063,3.730750940840704
2024-10-31 02:12:00,1794.1619999999998,1800.0,41.83232,32.95637493200351,3.61496713064892
2024-10-31 02:14:00,1774.62,1800.0,41.83232,31.338327135037122,3.437484333650749
2024-10-31 02:16:00,1768.7895,1800.0,41.83232,32.00696751170955,3.5108271387645567
2024-10-31 02:18:00,1789.527,1800.0,41.83232,31.96988765625436,3.5067598692618804
2024-10-31 02:22:00,1781.1704999999995,1800.0,41.83232,31.527502693871554,3.458234899467517
2024-10-31 02:24:00,1787.136,1800.0,41.83232,30.55317016794255,3.351360886083989
2024-10-31 02:26:00,1783.5825,1800.0,41.83232,28.78327783267277,3.1572223429344937
2024-10-31 02:28:00,1792.0432500000002,1800.0,41.83232,28.46055241828907,3.121822764927836
2024-10-31 02:30:00,1762.152,1800.0,41.83232,28.670694996227173,3.144873191850196
2024-10-31 02:34:00,1784.25,1800.0,41.83232,27.36943127235117,3.0021382703115553
2024-10-31 02:36:00,1787.355,1800.0,41.83232,25.746173006229412,2.824083939739962
2024-10-31 02:38:00,1770.7140000000002,1800.0,41.83232,21.738558893285365,2.384490892248901
2024-10-31 02:40:00,1782.66,1800.0,41.83232,20.884721064084218,2.290833877670231
2024-10-31 02:42:00,1790.7495,1800.0,41.83232,20.59383872881451,2.258927149971692
2024-10-31 02:46:00,1780.9305,1800.0,41.83232,19.685479951861343,2.1592897618093967
2024-10-31 02:48:00,1768.1729999999998,1800.0,41.83232,17.58706481699215,1.9291157285712333
2024-10-31 02:52:00,1787.4945,1800.0,41.83232,10.243848859231315,1.1236422996722295
2024-10-31 02:54:00,1779.6615000000002,1800.0,41.83232,8.793366168639682,0.9645396295247274
2024-10-31 02:56:00,1788.3135000000002,1800.0,41.83232,8.810616192650661,0.9664317754276446
2024-10-31 02:58:00,1786.665,1800.0,41.83232,8.842610554015526,0.9699412198049074
2024-10-31 03:00:00,1774.0739999999998,1800.0,41.83232,8.524497592819714,0.9350475793202092
2024-10-31 03:02:00,1772.9415,1800.0,41.83232,8.598587888778122,0.9431745042366265
2024-10-31 03:04:00,1796.3175,1800.0,41.83232,8.756562899784482,0.960502698658196
2024-10-31 03:08:00,1799.6775000000002,1800.0,41.83232,9.46338489706441,1.038033625304661
2024-10-31 03:12:00,1791.4094999999998,1800.0,41.83232,9.6456182322521,1.0580227023245459
2024-10-31 03:14:00,1773.4335,1800.0,41.83232,9.844521557070115,1.0798403015865228
2024-10-31 03:16:00,1783.7505,1800.0,41.83232,9.84544880072098,1.0799420104463988
2024-10-31 03:18:00,1776.2130000000002,1800.0,41.83232,9.68456595974096,1.062294857711059
2024-10-31 03:20:00,1791.2084999999995,1800.0,41.83232,8.70441286089489,0.9547823887989685
2024-10-31 03:22:00,1799.7464999999995,1800.0,41.83232,9.451147091735507,1.036691266986838
2024-10-31 03:24:00,1805.5965,1800.0,41.83232,10.595330077333383,1.1621960864009258
2024-10-31 03:26:00,1789.353,1800.0,41.83232,10.081120498121422,1.1057927128214202
2024-10-31 03:28:00,1780.263,1800.0,41.83232,10.135996711318269,1.1118120552815778
2024-10-31 03:32:00,1796.373,1800.0,41.83232,10.356171549886087,1.1359629155039406
2024-10-31 03:34:00,1798.701,1800.0,41.83232,10.649305013659689,1.1681165682834458
2024-10-31 03:36:00,1773.3494999999998,1800.0,41.83232,10.222819808599196,1.121335634361475
2024-10-31 03:38:00,1796.9924999999998,1800.0,41.83232,10.4538970604083,1.1466823744581662
2024-10-31 03:40:00,1772.2140000000002,1800.0,41.83232,10.879364640298974,1.1933516856198116
2024-10-31 03:42:00,1775.2357500000005,1800.0,41.83232,11.205247839363278,1.2290976393382889
2024-10-31 03:44:00,1770.4499999999998,1800.0,41.83232,11.77804144498207,1.2919270634248274
2024-10-31 03:46:00,1780.0845,1800.0,41.83232,11.535535460365335,1.2653267117422202
2024-10-31 03:48:00,1789.797,1800.0,41.83232,11.127041378325858,1.2205192144770003
2024-10-31 03:50:00,1786.797,1800.0,41.83232,10.90934324791214,1.196640023046723
2024-10-31 03:56:00,1782.71325,1800.0,41.83232,10.484727687068698,1.1500641693984348
2024-10-31 03:58:00,1771.9410000000005,1800.0,41.83232,10.823466885916883,1.1872202908536926
2024-10-31 04:00:00,1777.72425,1800.0,41.83232,10.628948601862385,1.1658836843665394
2024-10-31 04:04:00,1775.1420000000005,1800.0,41.83232,10.851005222812612,1.1902409562914475
2024-10-31 04:06:00,1781.7645000000002,1800.0,41.83232,10.697928373397726,1.1734500385937388
2024-10-31 04:08:00,1773.3615,1800.0,41.83232,10.875673028029748,1.192946754645459
2024-10-31 04:10:00,1768.56,1800.0,41.83232,10.715583638143075,1.1753866351359563
2024-10-31 04:12:00,1770.6345,1800.0,41.83232,9.501622110446608,1.0422278447790252
2024-10-31 04:14:00,1768.101,1800.0,41.83232,9.655096950002143,1.059062417802289
2024-10-31 04:16:00,1785.726,1800.0,41.83232,9.754288890533884,1.0699427286795427
2024-10-31 04:20:00,1795.737,1800.0,41.83232,9.698233202468714,1.06379401025224
2024-10-31 04:22:00,1789.527,1800.0,41.83232,8.942283099763157,0.9808742480111102
2024-10-31 04:24:00,1788.17775,1800.0,41.83232,9.037801741320706,0.9913516366895436
2024-10-31 04:26:00,1780.242,1800.0,41.83232,8.11230307604807,0.8898341833493975
2024-10-31 04:28:00,1772.8305,1800.0,41.83232,8.085501673375562,0.8868943518322387
2024-10-31 04:30:00,1800.666,1800.0,41.83232,9.328735015827025,1.0232639518856876
2024-10-31 04:34:00,1788.4140000000002,1800.0,41.83232,9.173807223241539,1.006270005222074
2024-10-31 04:36:00,1797.9630000000002,1800.0,41.83232,9.882846279671515,1.0840441199003132
2024-10-31 04:38:00,1787.0445,1800.0,41.83232,9.791562071403307,1.0740312039434543
2024-10-31 04:40:00,1787.043,1800.0,41.83232,9.797854868110917,1.0747214574469055
2024-10-31 04:44:00,1774.5884999999998,1800.0,41.83232,9.941337926028552,1.0904600372891184
2024-10-31 04:46:00,1796.178,1800.0,41.83232,10.156401233705644,1.114050216423364
2024-10-31 04:48:00,1789.6950000000002,1800.0,41.83232,10.18360420289885,1.1170340955572915
2024-10-31 04:50:00,1783.36875,1800.0,41.83232,9.989570718920074,1.0957506665310177
2024-10-31 04:54:00,1807.293,1800.0,41.83232,11.243673809209685,1.2333125634082047
2024-10-31 04:56:00,1803.0105,1800.0,41.83232,11.543241088871003,1.2661719380095646
2024-10-31 04:58:00,1772.8132500000002,1800.0,41.83232,11.225486370109001,1.231317592945728
2024-10-31 05:04:00,1785.1875,1800.0,41.83232,10.564247604387987,1.158786666576424
2024-10-31 05:08:00,1781.3175,1800.0,41.83232,9.648739576301663,1.0583650808830463
2024-10-31 05:10:00,1804.0875,1800.0,41.83232,10.242114005006572,1.123452004440674
2024-10-31 05:14:00,1779.168,1800.0,41.83232,10.35999730063598,1.1363825600564572
2024-10-31 05:16:00,1790.685,1800.0,41.83232,10.36967780843569,1.1374444097767662
2024-10-31 05:20:00,1788.516,1800.0,41.83232,10.369419867210846,1.1374161163418426
2024-10-31 05:22:00,1817.463,1800.0,41.83232,12.017417508870352,1.3181840957776163
2024-10-31 05:24:00,1810.8495,1800.0,41.83232,12.104171569442506,1.3277001022578714
2024-10-31 05:26:00,1800.8445000000002,1800.0,41.83232,12.110754083892823,1.328422134745486
2024-10-31 05:32:00,1778.0655,1800.0,41.83232,12.499296753412574,1.3710411722478337
2024-10-31 05:34:00,1761.417,1800.0,41.83232,14.111936514073578,1.5479307646376201
2024-10-31 05:38:00,1785.993,1800.0,41.83232,14.125211876063686,1.5493869319903921
2024-10-31 05:40:00,1798.8224999999998,1800.0,41.83232,14.24579597038626,1.5626137367695752
2024-10-31 05:42:00,1771.0665,1800.0,41.83232,14.472391218904763,1.5874688483237336
2024-10-31 05:46:00,1790.16,1800.0,41.83232,14.405982965361837,1.5801845625290494
2024-10-31 05:48:00,1782.03,1800.0,41.83232,14.515816301842024,1.5922321224334555
2024-10-31 05:54:00,1793.5785,1800.0,41.83232,14.464285866019106,1.586579776503049
2024-10-31 05:58:00,1794.2055,1800.0,41.83232,13.932675418993563,1.528267711044638
2024-10-31 06:00:00,1788.207,1800.0,41.83232,13.563468269951333,1.4877695764366303
2024-10-31 06:04:00,1802.025,1800.0,41.83232,13.330795590533429,1.4622478347392764
2024-10-31 06:06:00,1780.0005,1800.0,41.83232,13.482718354493132,1.4789121614209815
2024-10-31 06:08:00,1778.2890000000002,1800.0,41.83232,13.600966771254548,1.4918827669783508
2024-10-31 06:10:00,1787.2665,1800.0,41.83232,13.182908958277979,1.4460262291843928
2024-10-31 06:12:00,1778.631,1800.0,41.83232,13.204372962339463,1.4483806043040612
2024-10-31 06:18:00,1807.2075,1800.0,41.83232,13.823876536259416,1.5163336198180775
2024-10-31 06:20:00,1780.1760000000002,1800.0,41.83232,13.987307628713644,1.534260288894001
2024-10-31 06:22:00,1785.2820000000002,1800.0,41.83232,12.33185568922005,1.3526746515177563
2024-10-31 06:26:00,1798.578,1800.0,41.83232,11.388970321607708,1.249250060101954
2024-10-31 06:28:00,1773.084,1800.0,41.83232,11.316127435877439,1.241259962945946
2024-10-31 06:30:00,1789.4445,1800.0,41.83232,11.197285735967933,1.2282242804775407
2024-10-31 06:34:00,1763.8215,1800.0,41.83232,10.925980680163446,1.1984649740873319
2024-10-31 06:36:00,1772.1,1800.0,41.83232,11.384788808902302,1.2487913922109126
2024-10-31 06:38:00,1783.6635,1800.0,41.83232,10.961836502499034,1.2023979800521254
2024-10-31 06:42:00,1772.5965,1800.0,41.83232,10.86482434072858,1.1917567679407524
2024-10-31 06:44:00,1787.0099999999998,1800.0,41.83232,10.809039281625855,1.1856377346595215
2024-10-31 06:48:00,1795.263,1800.0,41.83232,11.029467228968329,1.2098163582479322
2024-10-31 06:50:00,1796.631,1800.0,41.83232,11.167089348441252,1.2249120548884551
2024-10-31 06:54:00,1804.131,1800.0,41.83232,11.770436650539269,1.2910928975918803
2024-10-31 06:56:00,1784.4795,1800.0,41.83232,11.766001207773707,1.2906063762484237
2024-10-31 06:58:00,1788.444,1800.0,41.83232,11.168217699194331,1.2250358230787564
2024-10-31 07:02:00,1787.9924999999998,1800.0,41.83232,11.11126686830541,1.2187889169141262
2024-10-31 07:08:00,1755.6585,1800.0,41.83232,12.912483839584116,1.4163634426249756
2024-10-31 07:10:00,1766.274,1800.0,41.83232,13.520895709206371,1.483099815029979
2024-10-31 07:14:00,1782.3045,1800.0,41.83232,13.475813038928514,1.4781547210518766
2024-10-31 07:16:00,1800.8655,1800.0,41.83232,12.95840253565024,1.4214002398244183
2024-10-31 07:18:00,1794.3315,1800.0,41.83232,13.158651655160766,1.4433654585860538
2024-10-31 07:22:00,1783.1295,1800.0,41.83232,13.157258455922513,1.4432126393071398
2024-10-31 07:24:00,1767.7005,1800.0,41.83232,13.167004888127614,1.4442817202401985
2024-10-31 07:26:00,1790.2379999999998,1800.0,41.83232,13.08349099147369,1.4351211256062548
2024-10-31 07:30:00,1768.944,1800.0,41.83232,13.376856051528675,1.4673001820579332
2024-10-31 07:36:00,1777.482,1800.0,42.38035,12.71730848604522,1.3949547625376904
2024-10-31 07:38:00,1785.8355,1800.0,42.38035,12.46829854015662,1.3676409948235775
2024-10-31 07:40:00,1788.417,1800.0,42.38035,12.513818343830623,1.3726340377299842
2024-10-31 07:42:00,1791.456,1800.0,42.38035,12.327483856563564,1.3521951075331249
2024-10-31 07:46:00,1783.3515000000002,1800.0,42.38035,12.320564888910834,1.3514361696737804
2024-10-31 07:48:00,1793.2905,1800.0,42.38035,12.238730569584792,1.3424598069781557
2024-10-31 07:52:00,1796.1839999999995,1800.0,42.38035,12.21589011178923,1.339954449384965
2024-10-31 07:54:00,1777.731,1800.0,42.38035,11.383903070478619,1.248694236037196
2024-10-31 07:56:00,1776.8625000000002,1800.0,42.38035,11.466153833515557,1.2577162782206215
2024-10-31 07:58:00,1784.1,1800.0,42.38035,11.395028186711505,1.2499145440834998
2024-10-31 08:02:00,1814.1315,1800.0,42.38035,13.372581111212,1.4668312661422067
2024-10-31 08:06:00,1776.375,1800.0,42.38035,11.775714573703546,1.2916718301594434
2024-10-31 08:08:00,1760.1704999999995,1800.0,42.38035,12.350265436616704,1.3546940068582558
2024-10-31 08:10:00,1795.701,1800.0,42.38035,12.577831973786555,1.3796556585448239
2024-10-31 08:12:00,1812.648,1800.0,42.38035,13.580505172843177,1.489638345198035
2024-10-31 08:18:00,1793.418,1800.0,42.38035,13.552175906483736,1.4865309231306483
2024-10-31 08:20:00,1831.9815,1800.0,42.38035,16.998676880097253,1.8645757706318704
2024-10-31 08:22:00,1804.263,1800.0,42.38035,16.62863198750632,1.8239857443822993
2024-10-31 08:26:00,1799.424,1800.0,42.38035,16.758159345983977,1.8381935310209263
2024-10-31 08:28:00,1800.1785,1800.0,42.38035,16.076457355489847,1.7634180044765568
2024-10-31 08:30:00,1792.23,1800.0,42.38035,15.70212299919434,1.7223574692486125
2024-10-31 08:34:00,1796.0880000000002,1800.0,42.38035,15.626957983666337,1.7141126589177107
2024-10-31 08:36:00,1795.9215,1800.0,42.38035,15.591065545782193,1.71017563661299
2024-10-31 08:42:00,1805.883,1800.0,42.38035,15.810315590835652,1.734225056729639
2024-10-31 08:44:00,1797.0390000000002,1800.0,42.38035,15.597296146822583,1.710859067906986
2024-10-31 08:46:00,1797.981,1800.0,42.38035,15.602636468262807,1.7114448449080468
2024-10-31 08:48:00,1798.2795,1800.0,42.38035,15.615099252498183,1.7128118810417299
2024-10-31 08:50:00,1805.5395,1800.0,42.38035,15.179718669389432,1.6650552178617481
2024-10-31 08:54:00,1784.247,1800.0,42.38035,14.750138291487064,1.6179347760870435
2024-10-31 08:56:00,1783.638,1800.0,42.38035,14.772210897923497,1.6203559084755443
2024-10-31 09:00:00,1795.59,1800.0,42.38035,14.229291922510543,1.5608034165897475
2024-10-31 09:06:00,1786.7685,1800.0,42.38035,13.639735674707552,1.4961353072520631
2024-10-31 09:08:00,1803.3735,1800.0,42.38035,10.609568995019908,1.1637579456624194
2024-10-31 09:10:00,1796.4795,1800.0,42.38035,10.598213257938598,1.162512340938662
2024-10-31 09:12:00,1825.023,1800.0,42.38035,11.73431840956509,1.2871311070670457
2024-10-31 09:14:00,1820.514,1800.0,42.38035,12.513175859666717,1.3725635639858518
2024-10-31 09:16:00,1804.7925,1800.0,42.38035,10.243820251495652,1.123639161705013
2024-10-31 09:20:00,1802.1615,1800.0,42.38035,10.204852895202174,1.1193648532454255
2024-10-31 09:24:00,1785.996,1800.0,42.38035,10.646285106086907,1.167785316237803
2024-10-31 09:28:00,1807.596,1800.0,42.38035,10.821431773530014,1.186997060465008
2024-10-31 09:30:00,1802.853,1800.0,42.38035,10.7185852984531,1.175715885649112
2024-10-31 09:34:00,1792.0605,1800.0,42.38035,10.829025748669522,1.1878300395343666
2024-10-31 09:36:00,1800.09,1800.0,42.38035,10.794828032452154,1.1840789103423934
2024-10-31 09:38:00,1794.693,1800.0,42.38035,10.75259915397236,1.1794468472594972
2024-10-31 09:40:00,1794.7935,1800.0,42.38035,10.788407871760088,1.1833746863516423
2024-10-31 09:44:00,1786.4204999999995,1800.0,42.38035,11.15626614214774,1.223724863181843
2024-10-31 09:48:00,1799.502,1800.0,42.38035,11.158081196206732,1.2239239554903003
2024-10-31 09:52:00,1822.617,1800.0,42.38035,12.31046998323427,1.3503288648721126
2024-10-31 09:54:00,1791.936,1800.0,42.38035,11.924362509285238,1.3079769426687933
2024-10-31 09:56:00,1794.687,1800.0,42.38035,11.377388259530742,1.2479796299105343
2024-10-31 10:00:00,1804.1115,1800.0,42.38035,11.347403613629249,1.244690630147008
2024-10-31 10:04:00,1782.2895,1800.0,42.38035,11.678748567019483,1.281035680774798
2024-10-31 10:06:00,1789.4070000000002,1800.0,42.38035,11.919231076299148,1.3074140785304855
2024-10-31 10:08:00,1795.632,1800.0,42.38035,11.93353382113127,1.3089829389574246
2024-10-31 10:10:00,1799.0145000000002,1800.0,42.38035,10.360420222513367,1.1364289501308735
2024-10-31 10:16:00,1788.9345,1800.0,42.38035,9.177009366781364,1.006621246633424
2024-10-31 10:18:00,1794.666,1800.0,42.38035,9.000912231413034,0.987305246088116
2024-10-31 10:20:00,1817.5755,1800.0,42.38035,10.10572365635678,1.1084914200825942
2024-10-31 10:24:00,1779.087,1800.0,42.38035,10.61566949621462,1.1644271063739622
2024-10-31 10:26:00,1773.3915,1800.0,42.38035,11.51837846807407,1.2634447704388554
2024-10-31 10:28:00,1757.9445,1800.0,42.38035,14.045568589519036,1.5406509025080906
2024-10-31 10:30:00,1770.3359999999998,1800.0,42.38035,14.929600910593727,1.6376199347426685
2024-10-31 10:34:00,0.0,1800.0,100.0,400.8478135110468,43.96878216201403
2024-10-31 10:40:00,1824.876,1800.0,48.8008,401.27234021974283,44.01534826951781
2024-10-31 10:42:00,1835.2155,1800.0,48.8008,401.8584677293377,44.07964028239624
2024-10-31 10:44:00,1810.413,1800.0,48.8008,402.14882134722046,44.111489015367525
2024-10-31 10:48:00,1823.4675,1800.0,48.8008,402.47583789819,44.14735928585001
2024-10-31 10:50:00,1826.8245,1800.0,48.8008,402.5401171490119,44.154410042475504
2024-10-31 10:52:00,1814.8635,1800.0,48.8008,402.82431081651146,44.185583093785574
2024-10-31 10:56:00,1826.8455,1800.0,47.66949,403.2477280637381,44.23202750505448
2024-10-31 10:58:00,1852.2075,1800.0,47.66949,403.9765868641636,44.31197563684563
2024-10-31 11:04:00,1843.1040000000005,1800.0,47.66949,404.7525220604919,44.3970875533118
2024-10-31 11:06:00,1845.0945,1800.0,47.66949,405.4736044165587,44.476182691082585
2024-10-31 11:08:00,1836.9405,1800.0,47.66949,405.98951934496444,44.53277312350258
2024-10-31 11:12:00,1839.993,1800.0,47.66949,406.50682211404984,44.58951578742408
2024-10-31 11:14:00,1821.393,1800.0,47.66949,406.8481871860319,44.626959939498235
2024-10-31 11:16:00,1853.0925,1800.0,47.66949,407.58601401213855,44.707891769227366
2024-10-31 11:18:00,1819.236,1800.0,47.66949,407.60546811819785,44.71002567971071
2024-10-31 11:22:00,1832.0145,1800.0,47.66949,408.1280267072783,44.767344851714974
2024-10-31 11:26:00,1827.762,1800.0,45.17325,408.61051982877854,44.82026926402021
2024-10-31 11:28:00,1776.741,1800.0,41.87395,408.6923248444528,44.829242412413954
2024-10-31 11:30:00,1788.7665,1800.0,41.87395,408.79928273492845,44.840974566184826
2024-10-31 11:34:00,1817.1735,1800.0,41.87395,18.98837520861536,2.08282471555801
2024-10-31 11:36:00,1790.67,1800.0,41.87395,20.55218283297447,2.254357937047935
2024-10-31 11:40:00,1780.143,1800.0,41.87395,22.573230934051075,2.4760456217501003
2024-10-31 11:42:00,1788.345,1800.0,41.87395,23.649040189089387,2.5940505632473165
2024-10-31 11:44:00,1788.0165,1800.0,41.87395,24.69916809449081,2.7092385312454876
2024-10-31 11:50:00,1772.2905,1800.0,41.87395,26.659681478275143,2.9242861952012515
2024-10-31 11:52:00,1784.946,1800.0,41.87395,27.53606385915264,3.0204161095892417
2024-10-31 11:54:00,1794.5925,1800.0,41.87395,27.702834395458233,3.0387090804742147
2024-10-31 11:58:00,1767.6015000000002,1800.0,41.87395,27.80014412562215,3.049382932703432
2024-10-31 11:58:00,1755.117,1800.0,41.87395,28.956408279426842,3.1762129289932406
2024-10-31 11:58:00,1761.6104999999998,1800.0,41.87395,28.73658786400947,3.152100945256591
2024-10-31 11:58:00,1766.9535,1800.0,41.87395,28.235587282255192,3.097146459539809
2024-10-31 11:58:00,1768.6875,1800.0,42.96703,26.901509815720758,2.950812216128281
2024-10-31 11:58:00,1777.899,1800.0,44.64798,26.214039037609858,2.875403914357227
2024-10-31 11:58:00,1753.3425,1800.0,46.36935,22.985396019328547,2.5212557893960654
2024-10-31 11:58:00,1764.009,1800.0,46.36935,22.02871876084328,2.416318372850741
2024-10-31 11:58:00,1763.466,1800.0,46.95972,19.113907637131586,2.0965943004669385
2024-10-31 11:58:00,1762.3425,1800.0,46.95972,15.695201463543315,1.7215982497069093
2024-10-31 11:58:00,1771.3935,1800.0,46.95972,15.729857041217349,1.7253996014770527
2024-10-31 11:58:00,1778.9265,1800.0,46.95972,15.456709311741117,1.6954381731978432
2024-10-31 11:58:00,1759.9995,1800.0,46.95972,12.280245430442069,1.3470135498501237
2024-10-31 11:58:00,1762.6950000000002,1800.0,46.95972,11.682483384506497,1.28144535090637
2024-10-31 11:58:00,1765.1475,1800.0,46.95972,11.55332358000964,1.2672778810672107
2024-10-31 11:58:00,1782.3224999999998,1800.0,46.95972,11.13090385854734,1.220942887865601
2024-10-31 11:58:00,1781.625,1800.0,46.95972,10.670707043716995,1.1704641455077598
2024-10-31 11:58:00,1778.5425,1800.0,46.95972,10.839342685556847,1.1889616988207292
2024-10-31 11:58:00,1774.5945000000002,1800.0,46.95972,10.326172290544896,1.1326723128000336
2024-10-31 11:58:00,1776.345,1800.0,46.95972,8.669737561267947,0.9509788737383641
2024-10-31 11:58:00,1775.703,1800.0,46.95972,8.80727519786131,0.9660653034970365
2024-10-31 11:58:00,1782.7395,1800.0,46.95972,8.67448021571481,0.9514990929667474
2024-10-31 11:58:00,1768.2134999999998,1800.0,46.95972,8.444255448290468,0.9262458614260387
2024-10-31 11:58:00,1745.6655,1800.0,46.95972,10.1225427693883,1.110336299590764
2024-10-31 11:58:00,1794.777,1800.0,48.2437,11.565687887604515,1.2686341153508942
2024-10-31 11:58:00,1800.1965,1800.0,48.2437,13.222942070793238,1.4504174398736394
2024-10-31 11:58:00,1787.0865,1800.0,48.2437,12.8508433733955,1.4096021328738435
2024-10-31 11:58:00,1800.0075000000002,1800.0,48.2437,13.888026415160306,1.52337018570678
2024-10-31 11:58:00,1811.85,1800.0,48.2437,15.753808478646016,1.7280268218316903
2024-10-31 11:58:00,1782.5295,1800.0,48.2437,15.338464258721059,1.6824679366074633
2024-10-31 11:58:00,1813.2225,1800.0,48.2437,17.005313083756413,1.8653036922600728
2024-10-31 11:58:00,1795.071,1800.0,48.2437,17.277244163992993,1.8951316669352394
2024-10-31 11:58:00,1797.4155,1800.0,48.2437,16.798203719355097,1.8425859769074264
2024-10-31 11:58:00,1807.0875,1800.0,48.2437,16.797363947803515,1.8424938628153127
2024-10-31 11:58:00,1800.0359999999998,1800.0,48.2437,16.321932334876927,1.790344023606752
2024-10-31 11:58:00,1817.8515,1800.0,48.2437,17.584566675656404,1.9288417087849228
2024-10-31 11:58:00,1816.071,1800.0,48.2437,18.43605097391251,2.022240565813655
2024-10-31 11:58:00,1794.2265000000002,1800.0,48.2437,18.199107137932867,1.9962503232386288
2024-10-31 11:58:00,1804.827,1800.0,48.2437,17.9278352772024,1.9664946579983258
2024-10-31 11:58:00,1799.244,1800.0,48.2437,17.497531088930096,1.919294821851469
2024-10-31 11:58:00,1804.7655,1800.0,48.2437,17.038385988301712,1.8689314414616467
2024-10-31 11:58:00,1805.8515,1800.0,48.2437,16.8642630001723,1.8498319840705686
2024-10-31 11:58:00,1806.702,1800.0,48.2437,15.512280659975064,1.701533764648239
2024-10-31 11:58:00,1803.063,1800.0,48.2437,9.042195132995102,0.9918335454713127
2024-10-31 11:58:00,1794.4740000000002,1800.0,48.2437,9.055344248273464,0.9932758648898307
2024-10-31 11:58:00,1790.1405,1800.0,48.2437,9.436525454569743,1.035087427430468
2024-10-31 11:58:00,1810.3275,1800.0,48.2437,8.97816757807505,0.9848103972346102
2024-10-31 11:58:00,1787.976,1800.0,48.2437,9.555295427151037,1.0481152421666244
2024-10-31 11:58:00,1810.9935,1800.0,48.2437,9.511288588719044,1.0432881556079947
2024-10-31 11:58:00,1791.315,1800.0,48.2437,8.73103805684817,0.9577028922953871
2024-10-31 11:58:00,1783.404,1800.0,48.2437,9.33467940119891,1.0239159883361653
2024-10-31 11:58:00,1785.1575,1800.0,48.2437,9.913684466838701,1.0874267441485257
2024-10-31 11:58:00,1778.6609999999998,1800.0,48.2437,11.047565020450078,1.21180149531106
2024-10-31 11:58:00,1795.0485,1800.0,48.2437,10.946140548494338,1.2006762992565823
2024-10-31 11:58:00,1785.0,1800.0,48.2437,11.379501982999138,1.2482114831066853
2024-10-31 11:58:00,1787.9265,1800.0,48.2437,10.608453840267748,1.1636356249343975
2024-10-31 11:58:00,1780.4640000000002,1800.0,48.2437,10.175842754290729,1.1161827464127796
2024-10-31 11:58:00,1763.6745,1800.0,48.2437,12.354636415534912,1.3551734571967924
2024-10-31 11:58:00,1781.6640000000002,1800.0,48.2437,12.317696126521883,1.351121496662471
2024-10-31 11:58:00,1802.7795,1800.0,48.2437,12.447394705855412,1.3653480644251552
2024-10-31 11:58:00,1803.2670000000005,1800.0,48.2437,12.373777195814055,1.3572729991429813
2024-10-31 11:58:00,1774.299,1800.0,48.2437,12.577493601362606,1.379618542654711
2024-10-31 11:58:00,1794.819,1800.0,48.2437,12.057521108167316,1.3225830381242292
2024-10-31 11:58:00,1794.1035,1800.0,48.2437,11.716983091900284,1.2852296053488825
2024-10-31 11:58:00,1802.6910000000005,1800.0,48.2437,12.030306428791064,1.3195978745065897
2024-10-31 11:58:00,1789.6619999999998,1800.0,48.2437,12.030876578192078,1.3196604138892882
2024-10-31 11:58:00,1775.7134999999998,1800.0,48.2437,11.453059614090622,1.2562799802988898
2024-10-31 11:58:00,1798.1685,1800.0,48.2437,11.656706819504548,1.2786179332848828
2024-10-31 11:58:00,1789.7685,1800.0,48.2437,10.446672578138859,1.1458899248640022
2024-10-31 11:58:00,1800.687,1800.0,48.2437,10.812681025297799,1.186037195574124
2024-10-31 11:58:00,1751.7045000000005,1800.0,48.2437,13.551893700366334,1.4864999680926447
2024-10-31 11:58:00,1783.905,1800.0,48.2437,13.562592915310255,1.4876735592544708
2024-10-31 11:58:00,1774.9395,1800.0,48.2437,13.703492419346356,1.503128750453932
2024-10-31 11:58:00,1814.7825,1800.0,48.2437,14.999504171549766,1.6452875860302456
2024-10-31 11:58:00,1789.806,1800.0,48.2437,14.995825744194008,1.6448841013019957
2024-10-31 11:58:00,1791.3315,1800.0,48.2437,15.017352912555209,1.6472454048799
2024-10-31 11:58:00,1793.6205,1800.0,48.2437,14.962003861785815,1.6411741971194347
2024-10-31 11:58:00,1778.5275,1800.0,48.2437,13.998919110044238,1.535533946067608
2024-10-31 11:58:00,1790.4030000000002,1800.0,48.2437,13.883548190198294,1.5228789716070883
2024-10-31 11:58:00,1789.8375,1800.0,48.2437,13.541636551065109,1.4853748668746076
2024-10-31 11:58:00,1778.346,1800.0,48.2437,13.314268692966968,1.4604350081890984
2024-10-31 11:58:00,1787.64,1800.0,48.2437,12.927910569449061,1.418055592368697
2024-10-31 11:58:00,1798.707,1800.0,48.2437,13.056166794079695,1.4321239490158546
2024-10-31 11:58:00,1799.931,1800.0,48.2437,13.246340386974442,1.4529839886546292
2024-10-31 11:58:00,1813.584,1800.0,48.2437,14.038770530690169,1.5399052270729352
2024-10-31 11:58:00,1812.3525,1800.0,48.2437,14.93618974300419,1.6383426602439508
2024-10-31 11:58:00,1817.7555,1800.0,48.2437,15.65879919682141,1.7176053045497945
2024-10-31 11:58:00,1823.5125,1800.0,48.2437,17.0781424119914,1.8732923023016783
2024-10-31 11:58:00,1804.752,1800.0,48.2437,17.208260406672686,1.88756487550942
2024-10-31 11:58:00,1803.4964999999995,1800.0,48.2437,17.270148962026003,1.8943533980282705
2024-10-31 11:58:00,1790.5859999999998,1800.0,48.2437,14.03086861118624,1.5390384697510309
2024-10-31 11:58:00,1772.649,1800.0,48.2437,14.784663452202839,1.6217218224908245
2024-10-31 11:58:00,1779.7890000000002,1800.0,48.2437,14.45143209210295,1.5851698529205078
2024-10-31 11:58:00,1802.634,1800.0,48.2437,13.890062860213927,1.5235935622749675
2024-10-31 11:58:00,1807.2195,1800.0,48.2437,14.028879952554572,1.5388203348498957
2024-10-31 11:58:00,1792.5510000000002,1800.0,48.2437,14.006338557958703,1.5363477813390445
2024-10-31 11:58:00,1774.5585,1800.0,48.2437,14.863219047814821,1.6303385437367675
2024-10-31 11:58:00,1805.592,1800.0,48.2437,14.419733029393198,1.5816927996947039
2024-10-31 11:58:00,1790.292,1800.0,48.2437,14.422546315515302,1.5820013875439893
2024-10-31 11:58:00,1771.5749999999998,1800.0,48.2437,15.459975565196782,1.695796446791555
2024-10-31 11:58:00,1794.1260000000002,1800.0,48.2437,14.883287149390481,1.6325398030597424
2024-10-31 11:58:00,1768.083,1800.0,48.2437,16.132105361837628,1.769522004514438
2024-10-31 11:58:00,1803.8925,1800.0,48.2437,16.2161848864201,1.7787446425731845
2024-10-31 11:58:00,1784.7225,1800.0,48.2437,16.399737139346016,1.7988783909739954
2024-10-31 11:58:00,1803.273,1800.0,48.2437,15.963754354628254,1.7510556726217716
2024-10-31 11:58:00,1782.918,1800.0,48.2437,15.650082627057945,1.716649188676858
2024-10-31 11:58:00,1802.565,1800.0,48.2437,14.764691238601884,1.6195310810684829
2024-10-31 11:58:00,1803.1214999999995,1800.0,48.2437,13.159137457143284,1.4434187459455534
2024-10-31 11:58:00,1790.4630000000002,1800.0,48.2437,12.809008357718488,1.40501327239102
2024-10-31 11:58:00,1799.0385,1800.0,48.2437,12.621275666308321,1.3844209739299116
2024-10-31 11:58:00,1804.0454999999995,1800.0,48.2437,12.953486799723025,1.4208610353810747
2024-10-31 11:58:00,1816.5705,1800.0,48.2437,13.28062587302024,1.4567447452721154
2024-10-31 11:58:00,1819.4339999999995,1800.0,48.2437,14.009864094072498,1.536734495508779
2024-10-31 11:58:00,1798.9155,1800.0,48.2437,13.939364871963333,1.5290014735612265
2024-10-31 11:58:00,1816.053,1800.0,48.2437,14.455699906598896,1.585637987208772
2024-10-31 11:58:00,1820.5245,1800.0,48.2437,15.41666962404233,1.6910462412802338
2024-10-31 11:58:00,1792.4054999999998,1800.0,48.2437,14.509412848108742,1.5915297310200731
2024-10-31 11:58:00,1776.3540000000005,1800.0,48.2437,15.201034525806717,1.6673933427456014
2024-10-31 11:58:00,1784.3355,1800.0,48.2437,15.394815333165589,1.6886490558086504
2024-10-31 11:58:00,1793.2905,1800.0,48.2437,14.259303698103956,1.564095392194663
2024-10-31 11:58:00,1791.906,1800.0,48.2437,14.29723350151586,1.568255892033887
2024-10-31 11:58:00,1822.7715,1800.0,48.2437,13.56679449593278,1.4881344283846025
2024-10-31 11:58:00,1807.278,1800.0,48.2437,13.634535412230615,1.4955648932437369
2024-10-31 11:58:00,1788.2624999999998,1800.0,48.2437,13.440543565214256,1.4742860313535897
2024-10-31 11:58:00,1781.5815,1800.0,48.2437,14.079954784995232,1.5444227058891054
2024-10-31 11:58:00,1781.2935,1800.0,48.2437,14.185495390010546,1.5559993983762597
2024-10-31 11:58:00,1808.2965,1800.0,48.2437,14.307816997513989,1.5694167900464726
2024-10-31 11:58:00,1799.0549999999998,1800.0,48.2437,14.28696639513789,1.5671296986294299
2024-10-31 11:58:00,1764.27,1800.0,48.2437,16.23563739876665,1.780878378243033
2024-10-31 11:58:00,1788.252,1800.0,48.2437,16.387701511472024,1.7975582093930123
2024-10-31 11:58:00,1806.927,1800.0,48.2437,16.45852453600042,1.8053267490546567
2024-10-31 11:58:00,1768.929,1800.0,48.2437,17.049399472760033,1.8701395046783351
2024-10-31 11:58:00,1809.141,1800.0,48.2437,16.43334321193435,1.8025646230929004
2024-10-31 11:58:00,1781.352,1800.0,48.2437,16.680079589518826,1.8296290043163677
2024-10-31 11:58:00,1782.552,1800.0,48.2437,16.030423862375933,1.7583686152503726
2024-10-31 11:58:00,1791.09,1800.0,48.2437,14.603916088995312,1.601895740942269
2024-10-31 11:58:00,1775.379,1800.0,48.2437,15.006383592783592,1.6460421860640626
2024-10-31 11:58:00,1799.0595,1800.0,48.2437,14.767432037753824,1.6198317178608006
2024-10-31 11:58:00,1781.4495000000002,1800.0,48.2437,14.85242018237733,1.6291540219656269
2024-10-31 11:58:00,1778.2395,1800.0,48.2437,15.114937807825138,1.6579494398223487
2024-10-31 11:58:00,1764.0105,1800.0,48.2437,16.211501511259346,1.7782309256579731
2024-10-31 11:58:00,1776.09,1800.0,48.2437,14.339593831516705,1.5729023739637849
2024-10-31 11:58:00,1774.6155,1800.0,48.2437,13.709813887450945,1.5038221489075752
2024-10-31 11:58:00,1768.1174999999998,1800.0,48.2437,14.188567577719004,1.5563363850020087
2024-10-31 11:58:00,1787.727,1800.0,48.2437,14.200316219987071,1.5576250872854498
2024-10-31 11:58:00,1798.098,1800.0,48.2437,14.507376751958933,1.5913063927229583
2024-10-31 11:58:00,1786.2975,1800.0,48.2437,13.454416713955379,1.4758077696151926
2024-10-31 11:58:00,1788.447,1800.0,48.2437,13.03354511118898,1.4296425887249056
2024-10-31 11:58:00,1781.598,1800.0,48.2437,12.239558413823207,1.3425506127696707
2024-10-31 11:58:00,1778.7780000000002,1800.0,48.2437,12.264657650601055,1.3453037346207084
2024-10-31 11:58:00,1803.414,1800.0,48.2437,11.938251478121478,1.309500416228164
2024-10-31 11:58:00,1798.1729999999998,1800.0,48.2437,11.821735998045646,1.2967198955685058
2024-10-31 11:58:00,1803.141,1800.0,48.2437,11.243712858731145,1.2333168467293174
2024-10-31 11:58:00,1812.6645,1800.0,48.2437,12.798888276052411,1.4039032060485348
2024-10-31 11:58:00,1790.9009999999998,1800.0,48.2437,12.801316229621184,1.4041695269762449
2024-10-31 11:58:00,1787.3955,1800.0,48.2437,12.763733349327621,1.400047080948226
2024-10-31 11:58:00,1780.815,1800.0,48.2437,12.566780470836957,1.3784434251001716
2024-10-31 11:58:00,1779.852,1800.0,48.2437,12.324368610291966,1.3518533978366263
2024-10-31 11:58:00,1818.036,1800.0,48.2437,14.188996367166494,1.5563834186870498
2024-10-31 11:58:00,1808.421,1800.0,48.2437,14.711724868109414,1.6137212282325717
2024-10-31 11:58:00,1812.3615,1800.0,48.2437,14.299029698500824,1.5684529159199854
2024-10-31 11:58:00,1811.841,1800.0,48.2437,14.472282978713416,1.5874569755150663
2024-10-31 11:58:00,1796.5755,1800.0,48.2437,13.777729500715797,1.5112717761835377
2024-10-31 11:58:00,1806.3585,1800.0,48.2437,12.498443322549399,1.3709475598731407
2024-10-31 11:58:00,1792.1835,1800.0,48.2437,12.372051251319116,1.35708368121492
2024-10-31 11:58:00,1795.7175,1800.0,48.2437,12.370028887666978,1.3568618492281264
2024-10-31 11:58:00,1775.4285,1800.0,48.2437,13.067787246352449,1.4333985902073068
2024-10-31 11:58:00,1792.8359999999998,1800.0,48.2437,12.968893066331042,1.4225509405210939
2024-10-31 11:58:00,1777.4009999999998,1800.0,48.2437,13.25062121523425,1.4534535504156874
2024-10-31 11:58:00,1808.3415,1800.0,48.2437,12.85799717141033,1.4103868291499437
2024-10-31 11:58:00,1804.0125,1800.0,48.2437,12.872945748642607,1.4120265305872575
2024-10-31 11:58:00,1809.705,1800.0,48.2437,13.154085613667725,1.4428646119380661
2024-10-31 11:58:00,1790.5589999999995,1800.0,48.2437,13.206079867168116,1.4485678337813161
2024-10-31 11:58:00,1801.773,1800.0,48.2437,12.768190200115212,1.400535950526163
2024-10-31 11:58:00,1782.5099999999998,1800.0,48.2437,13.11323259082443,1.4383834657236882
2024-10-31 11:58:00,1804.0095,1800.0,48.2437,13.024979943291886,1.428703080041673
2024-10-31 11:58:00,1792.2975,1800.0,48.2437,12.496075182784693,1.370687799889591
2024-10-31 11:58:00,1794.357,1800.0,48.2437,11.787523931442347,1.2929671922903792
2024-10-31 11:58:00,1785.351,1800.0,48.2437,11.223185105895096,1.2310651685055591
2024-10-31 11:58:00,1806.9645,1800.0,48.2437,11.150361972269492,1.2230772379473418
2024-10-31 11:58:00,1803.2084999999995,1800.0,48.2437,10.665230935491977,1.1698634741269371
2024-10-31 11:58:00,1795.1955,1800.0,48.2437,10.042223521220153,1.1015261242397023
2024-10-31 11:58:00,1811.9745,1800.0,48.2437,10.679804798636585,1.1714620733764916
2024-10-31 11:58:00,1797.639,1800.0,48.2437,10.431663927778606,1.1442436340374273
2024-10-31 11:58:00,1785.273,1800.0,48.2437,10.678802866827752,1.1713521720125353
2024-10-31 11:58:00,1771.3455,1800.0,48.2437,11.990109161311281,1.3151886577471272
2024-10-31 11:58:00,1783.9275000000002,1800.0,48.2437,11.41508915623933,1.2521150210959644
2024-10-31 11:58:00,1811.8275,1800.0,48.2437,12.005993972179652,1.316931054150986
2024-10-31 11:58:00,1794.225,1800.0,48.2437,11.205555941350774,1.2291314348804256
2024-10-31 11:58:00,1795.545,1800.0,48.2437,10.867582221554555,1.1920592784127542
2024-10-31 11:58:00,1786.4505,1800.0,48.2437,10.902775275137659,1.195919585627749
2024-10-31 11:58:00,1787.4885000000002,1800.0,48.2437,10.471112685661575,1.1485707471797584
2024-10-31 11:58:00,1791.2835,1800.0,48.2437,10.459478829230052,1.1472946356933034
2024-10-31 11:58:00,1778.9790000000005,1800.0,48.2437,10.818787588467863,1.186707021220499
2024-10-31 11:58:00,1788.219,1800.0,48.2437,10.600769219739313,1.162792703020834
2024-10-31 11:58:00,1812.114,1800.0,48.2437,11.17208622142632,1.2254601592122563
2024-10-31 11:58:00,1793.9505,1800.0,48.2437,11.16740821045702,1.224947030692335
2024-10-31 11:58:00,1779.693,1800.0,48.2437,11.599581027462825,1.2723518357250274
2024-10-31 11:58:00,1806.9255,1800.0,48.2437,11.84812369323359,1.2996143477330662
2024-10-31 11:58:00,1797.291,1800.0,48.2437,11.487779501761418,1.2600883861981647
2024-10-31 11:58:00,1812.837,1800.0,48.2437,12.096065286093097,1.3268109283751157
2024-10-31 11:58:00,1781.181,1800.0,48.2437,12.431113575347865,1.3635621959321542
2024-10-31 11:58:00,1793.3595,1800.0,48.2437,11.639538589021226,1.276734759270245
2024-10-31 11:58:00,1809.1605,1800.0,48.2437,12.180954259359028,1.3361223544267982
2024-10-31 11:58:00,1783.0589999999995,1800.0,48.2437,12.2651568430407,1.3453584907722849
2024-10-31 11:58:00,1793.7945,1800.0,48.2437,11.162243812002362,1.2243805505894205
2024-10-31 11:58:00,1795.4805,1800.0,48.2437,10.905977324633517,1.1962708167234661
2024-10-31 11:58:00,1791.9299999999998,1800.0,48.2437,10.136261765875677,1.1118411289741437
2024-10-31 11:58:00,1798.9395,1800.0,48.2437,10.204965000205991,1.1193771499833043
2024-10-31 11:58:00,1805.196,1800.0,48.2437,10.511220246411986,1.15297012405608
2024-10-31 11:58:00,1796.766,1800.0,48.2437,10.35425484482593,1.1357526731515606
2024-10-31 11:58:00,1792.761,1800.0,48.2437,10.222375241552138,1.1212868700399805
2024-10-31 11:58:00,1778.9775,1800.0,48.2437,10.819990661059805,1.1868389856093202
2024-10-31 11:58:00,1787.6565,1800.0,48.2437,10.326272223494133,1.1326832743917594
2024-10-31 11:58:00,1767.465,1800.0,48.2437,11.954284587413703,1.3112590794067776
2024-10-31 11:58:00,1788.123,1800.0,48.2437,11.214015021487803,1.2300593068540264
2024-10-31 11:58:00,1790.553,1800.0,48.2437,11.220242297208967,1.230742373395536
2024-10-31 11:58:00,1812.6735,1800.0,48.2437,11.645551741105626,1.2773943387046198
2024-10-31 11:58:00,1799.709,1800.0,48.2437,11.338474144427522,1.2437111614486158
2024-10-31 11:58:00,1797.7859999999998,1800.0,48.2437,11.346927691770674,1.2446384265330168
2024-10-31 11:58:00,1769.1704999999995,1800.0,48.2437,11.700916689552683,1.2834672902728406
2024-10-31 11:58:00,1789.779,1800.0,48.2437,11.449855053647251,1.2559284737786838
2024-10-31 11:58:00,1804.6905,1800.0,48.2437,11.789858529442213,1.2932232730956925
2024-10-31 11:58:00,1792.656,1800.0,48.2437,11.135303378287832,1.2214254688316608
2024-10-31 11:58:00,1815.2745,1800.0,48.2437,12.085013479383576,1.3255986616112003
2024-10-31 11:58:00,1785.822,1800.0,48.2437,12.204609314675395,1.3387170647861377
2024-10-31 11:58:00,1782.204,1800.0,48.2437,12.425685206015851,1.362966761004959
2024-10-31 11:58:00,1788.4679999999998,1800.0,48.2437,12.456749865964792,1.3663742269314119
2024-10-31 11:58:00,1799.8215,1800.0,48.2437,12.483273218994105,1.3692835593319987
2024-10-31 11:58:00,1815.018,1800.0,48.2437,13.191358322064573,1.4469530353767137
2024-10-31 11:58:00,1803.6735,1800.0,48.2437,13.39044629145674,1.4687908882032221
2024-10-31 11:58:00,1811.52,1800.0,48.2437,14.007205771453835,1.5364429055232616
2024-10-31 11:58:00,1797.7890000000002,1800.0,48.2437,13.5663352068358,1.4880840492093297
2024-10-31 11:58:00,1794.687,1800.0,48.2437,13.45688406893981,1.4760784124631017
2024-10-31 11:58:00,1806.0375,1800.0,48.2437,11.928240902955514,1.3084023615950764
2024-10-31 11:58:00,1805.4015,1800.0,48.2437,11.856169056438576,1.3004968393177796
2024-10-31 11:58:00,1803.9075,1800.0,48.2437,11.782410267762275,1.29240627725774
2024-10-31 11:58:00,1777.6785,1800.0,48.2437,12.20526117605788,1.3387885671123578
2024-10-31 11:58:00,1812.276,1800.0,48.2437,12.66396966582086,1.3891040558899936
2024-11-01 12:00:00,1813.9095,1800.0,48.2437,13.173809645021768,1.445028130382551
2024-11-01 12:08:00,1800.6465,1800.0,48.2437,11.222549657536808,1.2309954665151803
2024-11-01 12:10:00,1777.3334999999995,1800.0,48.2437,12.13106448715635,1.3306499720109426
2024-11-01 12:12:00,1777.4115000000002,1800.0,48.2437,13.011353768191652,1.4272084321865786
2024-11-01 12:14:00,1792.275,1800.0,48.2437,13.019984122069042,1.4281550910851073
2024-11-01 12:18:00,1782.873,1800.0,48.2437,12.778570499189799,1.4016745599769402
2024-11-01 12:20:00,1783.5555,1800.0,48.2437,12.8872567180877,1.413596293167592
2024-11-01 12:22:00,1796.4900000000002,1800.0,48.2437,12.451982951236666,1.3658513466057591
2024-11-01 12:28:00,1789.353,1800.0,48.2437,12.421458017733219,1.3625030829842937
2024-11-01 12:30:00,1801.3395,1800.0,48.2437,12.443690727982451,1.3649417770743455
2024-11-01 12:32:00,1785.942,1800.0,48.2437,11.935477356317444,1.3091961242919699
2024-11-01 12:36:00,1798.4250000000002,1800.0,48.2437,11.808071687248331,1.2952210646292057
2024-11-01 12:38:00,1804.092,1800.0,48.2437,11.385009557938796,1.2488156060545983
2024-11-01 12:40:00,1804.749,1800.0,48.2437,11.57720628524844,1.269897562224722
2024-11-01 12:44:00,1807.137,1800.0,48.2437,11.86685841025685,1.3016693488180102
2024-11-01 12:46:00,1810.8089999999995,1800.0,48.2437,12.123581827513782,1.329829203078876
2024-11-01 12:50:00,1804.4025,1800.0,48.2437,12.086023427997615,1.3257094423342297
2024-11-01 12:52:00,1796.58,1800.0,48.2437,11.951360184212055,1.3109383031844979
2024-11-01 12:56:00,1795.0395,1800.0,48.2437,11.165656557763066,1.2247548928456808
2024-11-01 12:58:00,1831.2645,1800.0,48.2437,13.182159401889649,1.4459440107452601
2024-11-01 01:02:00,1819.062,1800.0,48.2437,13.56091301654203,1.4874892920575329
2024-11-01 01:06:00,1815.735,1800.0,48.2437,14.127339663033164,1.549620327804451
2024-11-01 01:08:00,1789.773,1800.0,48.2437,13.392148762971907,1.4689776313926928
2024-11-01 01:14:00,1822.227,1800.0,48.2437,13.283116407955905,1.4570179307164715
2024-11-01 01:16:00,1812.543,1800.0,48.2437,13.31088389575398,1.4600637315940812
2024-11-01 01:18:00,1808.0834999999995,1800.0,48.2437,12.517530461634117,1.3730412179454177
2024-11-01 01:22:00,1792.6605,1800.0,48.2437,11.89125799208176,1.3043457258916602
2024-11-01 01:24:00,1814.2545,1800.0,48.2437,11.941691481038903,1.3098777483073591
2024-11-01 01:26:00,1812.795,1800.0,48.2437,11.447351039565465,1.2556538098140027
2024-11-01 01:28:00,1802.181,1800.0,48.2437,11.429514872631206,1.253697370207488
2024-11-01 01:34:00,1802.97,1800.0,48.2437,10.41556799636229,1.1424780799336398
2024-11-01 01:38:00,1802.6775,1800.0,48.2437,10.268532154975473,1.1263497971738605
2024-11-01 01:40:00,1793.1345,1800.0,48.2437,10.738776845962335,1.1779306856904823
2024-11-01 01:42:00,1803.843,1800.0,48.2437,10.750250199781565,1.1791891917312831
2024-11-01 01:46:00,1804.287,1800.0,48.2437,10.765244277669929,1.1808338841112145
2024-11-01 01:48:00,1791.3705,1800.0,48.2437,11.243154754029131,1.2332556285232068
2024-11-01 01:50:00,1790.0010000000002,1800.0,48.2437,11.781875810798633,1.2923476529593971
2024-11-01 01:54:00,1797.669,1800.0,48.2437,11.74325053617148,1.2881108672547337
2024-11-01 01:56:00,1816.602,1800.0,48.2437,11.762865374688381,1.290262408395344
2024-11-01 02:02:00,1809.189,1800.0,48.2437,10.217015653209303,1.1206989796626823
2024-11-01 02:06:00,1796.3655,1800.0,48.2437,9.832331866263056,1.078503220924854
2024-11-01 02:08:00,1804.314,1800.0,48.2437,9.433465977818255,1.034751835062787
2024-11-01 02:10:00,1779.6570000000002,1800.0,48.2437,10.419268041112806,1.142883935862353
2024-11-01 02:14:00,1776.732,1800.0,48.2437,10.918490811074975,1.1976434143550025
2024-11-01 02:16:00,1798.7895,1800.0,48.2437,10.551422805533951,1.1573799212529416
2024-11-01 02:18:00,1790.5965,1800.0,48.2437,10.560283523785307,1.158351848696378
2024-11-01 02:22:00,1802.8725,1800.0,48.2437,10.484007961883215,1.149985223127979
2024-11-01 02:26:00,1801.47,1800.0,48.2437,9.912173024113825,1.0872609548048384
2024-11-01 02:28:00,1804.4655,1800.0,48.2437,9.461290422035798,1.0378038834595698
2024-11-01 02:32:00,1811.2275,1800.0,48.2437,9.856569623564758,1.0811618475531488
2024-11-01 02:36:00,1795.9005000000002,1800.0,48.2437,9.830097744606915,1.0782581613159168
2024-11-01 02:38:00,1800.906,1800.0,48.2437,9.798958681087425,1.0748425341016254
2024-11-01 02:40:00,1817.7285,1800.0,48.2437,10.60429331906664,1.1631792595902295
2024-11-01 02:44:00,1819.8585,1800.0,48.2437,11.500496971645106,1.2614833586643235
2024-11-01 02:46:00,1805.1975,1800.0,48.2437,11.518065183690304,1.263410406442445
2024-11-01 02:50:00,1792.35,1800.0,48.2437,11.479015328442015,1.259127048716651
2024-11-01 02:54:00,1792.491,1800.0,48.2437,11.371066774705703,1.247286229622834
2024-11-01 02:56:00,1809.8115,1800.0,48.2437,11.522788964160188,1.2639285553943933
2024-11-01 02:58:00,1795.9815,1800.0,48.2437,10.994436816196957,1.2059738910165438
2024-11-01 03:00:00,1792.8015,1800.0,48.2437,10.907031847292684,1.1963864867496532
2024-11-01 03:04:00,1786.389,1800.0,48.2437,11.27857276805493,1.23714061152878
2024-11-01 03:06:00,1789.359,1800.0,48.2437,11.40119482139357,1.2505909589418809
2024-11-01 03:08:00,1791.147,1800.0,48.2437,10.682958425632213,1.1718079930340706
2024-11-01 03:10:00,1793.313,1800.0,48.2437,9.452446420181824,1.036833789628817
2024-11-01 03:14:00,1793.3984999999998,1800.0,48.2437,9.554079648731543,1.0479818840823785
2024-11-01 03:18:00,1813.5285,1800.0,48.2437,9.818974358357522,1.0770380430305766
2024-11-01 03:20:00,1794.459,1800.0,48.2437,9.892379345364146,1.085089796774796
2024-11-01 03:22:00,1826.655,1800.0,48.2437,11.542704194103429,1.2661130463098131
2024-11-01 03:24:00,1805.331,1800.0,48.2437,11.556619599313212,1.2676394196608511
2024-11-01 03:26:00,1792.8165,1800.0,48.2437,11.464812349674144,1.2575691315759128
2024-11-01 03:30:00,1795.2345,1800.0,48.2437,11.479744188538952,1.2592069969906559
2024-11-01 03:36:00,1807.82475,1800.0,48.2437,11.598229624797066,1.272203601089784
2024-11-01 03:38:00,1813.5375,1800.0,48.2437,11.310254673794997,1.2406157828157605
2024-11-01 03:40:00,1795.8000000000002,1800.0,48.2437,10.393533787791169,1.1400611593864372
2024-11-01 03:42:00,1820.388,1800.0,48.2437,11.352496770444288,1.2452492957925956
2024-11-01 03:44:00,1833.957,1800.0,48.2437,13.466948215148966,1.47718234327525
2024-11-01 03:46:00,1819.3635,1800.0,48.2437,13.782957452498488,1.5118452274169951
2024-11-01 03:48:00,1787.9609999999998,1800.0,48.2437,14.122727183534836,1.5491143873965134
2024-11-01 03:50:00,1817.4105,1800.0,48.2437,14.415023937372275,1.581176261910862
2024-11-01 03:52:00,1821.7095,1800.0,48.2437,14.728167043359642,1.615524761637219
2024-11-01 03:54:00,1815.696,1800.0,48.2437,14.230752655705826,1.5609636436322694
2024-11-01 03:56:00,1772.895,1800.0,48.2437,15.674103962318593,1.7192840760872818
2024-11-01 04:00:00,1805.4465,1800.0,48.2437,15.300799656493204,1.678336526544203
2024-11-01 04:04:00,1795.3515000000002,1800.0,48.2437,15.21603516958635,1.6690387553346324
2024-11-01 04:06:00,1780.3305,1800.0,48.2437,16.062486640846064,1.7618855642633007
2024-11-01 04:08:00,1806.1245,1800.0,48.2437,15.95961255491974,1.750601360828108
2024-11-01 04:10:00,1793.856,1800.0,48.2437,15.981952473163846,1.7530518145057485
2024-11-01 04:12:00,1794.9630000000002,1800.0,48.2437,15.31937830182688,1.680374408209034
2024-11-01 04:14:00,1789.977,1800.0,48.2437,15.620369278749218,1.7133899474011052
2024-11-01 04:16:00,1803.5415000000005,1800.0,48.2437,15.434192579533212,1.6929683248911305
2024-11-01 04:20:00,1815.3675,1800.0,48.2437,15.518359587640639,1.7022005589709153
2024-11-01 04:24:00,1782.5385,1800.0,48.2437,16.25236635926308,1.7827133689678714
2024-11-01 04:26:00,1806.67125,1800.0,48.2437,16.096743320770074,1.7656431611527026
2024-11-01 04:28:00,1799.6640000000002,1800.0,48.2437,16.029236401289932,1.7582383632792842
2024-11-01 04:30:00,1797.7395,1800.0,48.2437,15.540693315175673,1.7046503335929903
2024-11-01 04:34:00,1801.7115,1800.0,48.2437,13.606137228647391,1.4924499116829526
2024-11-01 04:38:00,1799.5185,1800.0,48.2437,12.85448009406616,1.410001042818123
2024-11-01 04:58:00,1799.5185,1800.0,48.2437,12.568660028934945,1.3786495928221492
2024-11-01 05:00:00,1799.5185,1800.0,48.2437,11.88233596171929,1.3033670731555653
2024-11-01 05:04:00,1836.0209999999995,1800.0,48.2437,13.619141864362517,1.493876383215493
2024-11-01 05:08:00,1787.1704999999995,1800.0,48.2437,13.360507563409078,1.465506925144511
2024-11-01 05:12:00,1818.8835,1800.0,48.2437,12.680751656257424,1.3909448634405879
2024-11-01 05:14:00,1820.9265,1800.0,48.2437,13.435934922880403,1.4737805118421698
2024-11-01 05:18:00,1787.0715,1800.0,48.2437,13.75807867703412,1.5091162878494595
2024-11-01 05:20:00,1825.4025,1800.0,48.2437,13.87552128026996,1.5219985041524158
2024-11-01 05:22:00,1815.135,1800.0,48.2437,14.115938686296143,1.5483697607670672
2024-11-01 05:26:00,1812.3405,1800.0,48.2437,14.038283292220246,1.5398517821459008
2024-11-01 05:28:00,1806.4785,1800.0,48.2437,13.853531418321227,1.5195864479624925
2024-11-01 05:32:00,1854.1515,1800.0,48.2437,17.163921704535642,1.8827013869985705
2024-11-01 05:38:00,1841.7225,1800.0,48.2437,18.64638634629942,2.0453121402559367
2024-11-01 05:40:00,1809.9825,1800.0,48.2437,18.609382804054327,2.041253241508439
2024-11-01 05:42:00,1806.555,1800.0,48.2437,17.477150938226657,1.917059334026652
2024-11-01 05:46:00,1830.3735,1800.0,48.2437,17.943501063277477,1.9682130296898126
2024-11-01 05:48:00,1817.3055,1800.0,48.2437,17.711707491665805,1.9427877168572958
2024-11-01 05:50:00,1799.1795,1800.0,48.2437,17.647607452474844,1.935756617859705
2024-11-01 05:54:00,1803.378,1800.0,48.2437,17.593124330632467,1.9297803933798678
2024-11-01 05:58:00,1797.399,1800.0,48.2437,17.688104625539,1.9401987311022317
2024-11-01 06:00:00,1831.4355,1800.0,48.2437,17.806742358822138,1.9532120405805373
2024-11-01 06:04:00,1799.703,1800.0,48.2437,17.79833392150784,1.952289723591062
2024-11-01 06:08:00,1793.133,1800.0,48.2437,17.719725776137757,1.943667238190273
2024-11-01 06:10:00,1784.0955,1800.0,48.2437,17.96622602097571,1.9707057181391336
2024-11-01 06:14:00,1792.344,1800.0,48.2437,18.461288740777345,2.025008882955804
2024-11-01 06:18:00,1797.303,1800.0,48.2437,18.575447775221203,2.037530926355074
2024-11-01 06:22:00,1812.6375,1800.0,48.2437,17.760068515380485,1.948092411669568
2024-11-01 06:24:00,1794.375,1800.0,48.2437,17.83698422990098,1.9565292552361206
2024-11-01 06:26:00,1775.118,1800.0,48.2437,19.400797804047848,2.1280631293550805
2024-11-01 06:30:00,1786.545,1800.0,48.2437,19.943449501356753,2.1875863036486702
2024-11-01 06:34:00,1804.3845,1800.0,48.2437,19.94995216911585,2.1882995777954526
2024-11-01 06:36:00,1807.425,1800.0,48.2437,16.5247361038538,1.8125894605013053
2024-11-01 06:38:00,1796.2244999999998,1800.0,48.2437,14.034231182210089,1.5394073083672553
2024-11-01 06:42:00,1814.637,1800.0,48.2437,14.211998490806597,1.5589065093202172
2024-11-01 06:46:00,1798.5285,1800.0,48.2437,14.195198193382291,1.5570636936859341
2024-11-01 06:50:00,1781.652,1800.0,48.2437,13.173059528629812,1.4449458505169204
2024-11-01 06:52:00,1791.522,1800.0,48.2437,12.570204274895522,1.378818980335207
2024-11-01 06:56:00,1786.4805,1800.0,48.2437,12.82827831853799,1.407126984081554
2024-11-01 06:58:00,1787.5335,1800.0,48.2437,12.929559184088777,1.4182364280263196
2024-11-01 07:04:00,1794.5295,1800.0,48.2437,12.936423424090448,1.4189893628389048
2024-11-01 07:06:00,1808.4705,1800.0,48.2437,10.45088876890382,1.146352396572839
2024-11-01 07:10:00,1796.379,1800.0,48.2437,10.404045425091638,1.1412141752569298
2024-11-01 07:14:00,1798.242,1800.0,48.2437,10.414220877293303,1.142330315163834
2024-11-01 07:16:00,1810.3635,1800.0,48.2437,10.565977733271277,1.158976443487804
2024-11-01 07:18:00,1816.2015,1800.0,48.2437,11.361003641964661,1.2461824099774612
2024-11-01 07:20:00,1788.9225,1800.0,48.2437,11.53841577454598,1.265642651863379
2024-11-01 07:24:00,1791.2385000000002,1800.0,48.2437,11.04321497319496,1.2113243409554473
2024-11-01 07:28:00,1784.4719999999998,1800.0,48.2437,11.358135125932415,1.2458677639888867
2024-11-01 07:30:00,1809.0075,1800.0,48.2437,10.589669412244753,1.1615751710764937
2024-11-01 07:36:00,1834.6005,1800.0,48.2437,13.095581568523157,1.4364473345328912
2024-11-01 07:38:00,1810.5585,1800.0,48.2437,13.27490741694143,1.4561174908848957
2024-11-01 07:40:00,1798.6515000000002,1800.0,48.2437,13.173359568805111,1.444978761763191
2024-11-01 07:42:00,1818.7709999999995,1800.0,48.2437,13.791519137229555,1.5127843540336101
2024-11-01 07:44:00,1803.8205,1800.0,48.2437,13.437722426558476,1.4739765821640871
2024-11-01 07:48:00,1804.6185,1800.0,48.2437,13.459744300870222,1.476392149772979
2024-11-01 07:52:00,1799.1839999999995,1800.0,48.2437,12.696176911203983,1.392636851401301
2024-11-01 07:58:00,1773.117,1800.0,48.2437,14.064377027574196,1.5427139900135745
2024-11-01 08:00:00,1811.616,1800.0,48.2437,13.842690993594346,1.518397367575138
2024-11-01 08:04:00,1820.298,1800.0,48.2437,13.976801455872653,1.5331078724171443
2024-11-01 08:08:00,1785.0735,1800.0,48.2437,14.453481209148364,1.5853946194726942
2024-11-01 08:10:00,1799.736,1800.0,48.2437,14.417134677982236,1.5814077879188675
2024-11-01 08:12:00,1819.0575,1800.0,48.2437,14.777547496118526,1.6209412770758322
2024-11-01 08:14:00,1794.8714999999995,1800.0,48.2437,14.864162929391235,1.6304420776017936
2024-11-01 08:20:00,1784.967,1800.0,48.2437,15.342842091674386,1.6829481387614442
2024-11-01 08:22:00,1768.3635000000002,1800.0,48.2437,16.748884014278882,1.837176124849618
2024-11-01 08:24:00,1802.742,1800.0,48.2437,16.54965397116223,1.815322688032297
2024-11-01 08:28:00,1796.6325000000002,1800.0,48.2437,16.430214986642994,1.8022214897346702
2024-11-01 08:30:00,1809.0075,1800.0,48.2437,16.04195842520001,1.759633835274161
2024-11-01 08:34:00,1814.1465,1800.0,48.2437,16.196562119866208,1.7765922318104392
2024-11-01 08:36:00,1786.1325000000002,1800.0,48.2437,14.695917898575136,1.6119873702029954
2024-11-01 08:40:00,1783.6605,1800.0,48.2437,14.91453520907474,1.6359673860050215
2024-11-01 08:44:00,1801.593,1800.0,48.2437,14.928286391487838,1.6374757458453701
2024-11-01 08:46:00,1776.9705,1800.0,48.2437,14.921603372296264,1.6367426890464691
2024-11-01 08:48:00,1787.373,1800.0,48.2437,14.966349712710828,1.641650891181844
2024-11-01 08:52:00,1781.7585,1800.0,48.2437,15.142019878019298,1.6609200576097662
2024-11-01 08:54:00,1794.2804999999998,1800.0,48.2437,15.107213530650743,1.6571021679925109
2024-11-01 08:56:00,1810.158,1800.0,48.2437,14.6008182463616,1.6015559402414972
2024-11-01 08:58:00,1806.5535,1800.0,48.2437,14.365531067619333,1.575747415512327
2024-11-01 09:04:00,1801.9095,1800.0,48.2437,13.28796596856423,1.4575498764244976
2024-11-01 09:08:00,1809.5475,1800.0,48.2437,13.427722870892705,1.4728797362540793
2024-11-01 09:10:00,1803.873,1800.0,48.2437,13.512231821774934,1.4821494778538515
2024-11-01 09:14:00,1780.6545,1800.0,48.2437,12.878674151792287,1.4126548760633582
2024-11-01 09:16:00,1778.265,1800.0,48.2437,13.396032813447933,1.4694036708109717
2024-11-01 09:18:00,1796.9505,1800.0,48.2437,13.241167515511425,1.4524165791519623
2024-11-01 09:22:00,1772.1255,1800.0,48.2437,12.871471158101278,1.4118647835398632
2024-11-01 09:24:00,1776.2489999999998,1800.0,48.2437,13.356207262726288,1.4650352274637963
2024-11-01 09:26:00,1798.944,1800.0,48.2437,13.395666340552117,1.469363472595137
2024-11-01 09:32:00,1801.9185,1800.0,48.2437,13.05336749179408,1.4318168950461105
2024-11-01 09:36:00,1808.0385,1800.0,48.2437,12.599927897121969,1.3820793485514964
2024-11-01 09:38:00,1830.732,1800.0,48.2437,15.05615679757961,1.6515017822634592
2024-11-01 09:40:00,1790.2140000000002,1800.0,48.2437,14.864695619133364,1.6305005080545545
2024-11-01 09:44:00,1802.739,1800.0,48.2437,14.89198638837637,1.6334940179289608
2024-11-01 09:46:00,1804.539,1800.0,48.2437,14.35649346216093,1.5747560854058058
2024-11-01 09:48:00,1793.8305,1800.0,48.2437,14.20415500689804,1.5580461617674992
2024-11-01 09:50:00,1812.0315,1800.0,48.2437,14.08861290030728,1.545372409924546
2024-11-01 09:56:00,1807.101,1800.0,48.2437,14.16944498170501,1.554238837678133
2024-11-01 09:58:00,1792.6785,1800.0,48.2437,14.00378790154828,1.5360680012022947
2024-11-01 10:00:00,1794.5805,1800.0,48.2437,13.894390770226956,1.5240682884083419
2024-11-01 10:04:00,1815.6839999999995,1800.0,48.2437,14.437198127537942,1.5836085369642632
2024-11-01 10:06:00,1805.5155,1800.0,48.2437,14.30285003932684,1.568871967060847
2024-11-01 10:10:00,1809.4365,1800.0,48.2437,14.469396244523157,1.5871403311864882
2024-11-01 10:12:00,1783.6515000000002,1800.0,48.2437,14.288023187896252,1.5672456176615828
2024-11-01 10:14:00,1800.1245,1800.0,48.2437,13.449077288250932,1.4752220908669096
2024-11-01 10:16:00,1804.7595,1800.0,48.2437,13.473672942273089,1.4779199749949532
2024-11-01 10:20:00,1812.543,1800.0,48.2437,11.982754031125241,1.314381877452904
2024-11-01 10:22:00,1787.8604999999998,1800.0,48.2437,10.88708871916608,1.1941989356974292
2024-11-01 10:26:00,1782.1635,1800.0,48.2437,11.811033231995115,1.2955459148876962
2024-11-01 10:28:00,1788.9450000000002,1800.0,48.2437,12.167047790524459,1.3345969613019755
2024-11-01 10:30:00,1803.7185,1800.0,48.2437,12.080251833383333,1.3250763592094896
2024-11-01 10:34:00,1807.6695,1800.0,48.2437,10.034629156179872,1.1006931024023368
2024-11-01 10:36:00,1789.0124999999998,1800.0,48.2437,10.09961768870374,1.1078216597581625
2024-11-01 10:42:00,1795.2825,1800.0,48.2437,10.128022997550083,1.1109374228852458
2024-11-01 10:44:00,1787.3685,1800.0,48.2437,10.40732684357738,1.1415741122946754
2024-11-01 10:46:00,1780.062,1800.0,48.2437,11.173421984756974,1.225606678377201
2024-11-01 10:48:00,1785.063,1800.0,48.2437,11.018377355707049,1.2085999159843246
2024-11-01 10:52:00,1805.898,1800.0,48.2437,10.961522080374966,1.2023634912575902
2024-11-01 10:54:00,1791.1335,1800.0,48.2437,10.996009073397184,1.206146351067489
2024-11-01 10:58:00,1806.2655,1800.0,48.2437,11.195944077755364,1.2280771147061535
2024-11-01 11:00:00,1775.3235,1800.0,48.2437,11.308287994909113,1.2404000588611785
2024-11-01 11:06:00,1794.291,1800.0,48.2437,11.038960006085015,1.2108576158900788
2024-11-01 11:08:00,1766.967,1800.0,48.2437,12.058034039246602,1.3226393012598359
2024-11-01 11:12:00,1785.1905,1800.0,48.2437,12.00402114675032,1.3167146559853422
2024-11-01 11:14:00,1784.922,1800.0,48.2437,11.97591052236384,1.3136312166389699
2024-11-01 11:16:00,1778.28,1800.0,48.2437,11.92228417213452,1.3077489709788923
2024-11-01 11:18:00,1791.822,1800.0,48.2437,10.738112302599923,1.1778577922846705
2024-11-01 11:20:00,1798.7759999999998,1800.0,48.2437,10.933404113575097,1.1992792465258222
2024-11-01 11:24:00,1787.4719999999998,1800.0,48.2437,10.799118328879098,1.1845495106616382
2024-11-01 11:26:00,1793.9489999999998,1800.0,48.2437,10.827098355372913,1.1876186247950498
2024-11-01 11:30:00,1778.3490000000002,1800.0,48.2437,10.67249831787106,1.170660629411171
2024-11-01 11:32:00,1763.808,1800.0,48.2437,11.162958407496092,1.224458934186733
2024-11-01 11:36:00,1785.105,1800.0,48.2437,11.159371516694915,1.2240654900541716
2024-11-01 11:38:00,1775.7510000000002,1800.0,48.2437,11.22928732716031,1.231734517890715
2024-11-01 11:42:00,1767.261,1800.0,48.2437,11.957051535336744,1.3115625844438044
2024-11-01 11:44:00,1805.013,1800.0,48.2437,12.715956879790186,1.3948065055708483
2024-11-01 11:46:00,1766.6760000000002,1800.0,48.2437,13.43410294060212,1.4735795626863968
2024-11-01 11:50:00,1798.4474999999998,1800.0,48.2437,12.92089142057357,1.4172856656846373
2024-11-01 11:54:00,1787.8095,1800.0,48.2437,12.855538714464515,1.4101171623231288
2024-11-01 11:58:00,1769.619,1800.0,48.2437,12.19579240386609,1.3377499425575776
2024-11-01 11:58:00,1809.6015,1800.0,48.9702,13.443226921126984,1.474580367227737
2024-11-01 11:58:00,1838.0775,1800.0,48.9702,17.94202006411696,1.968050579684409
2024-11-01 11:58:00,1823.6055,1800.0,48.334,19.104813820569927,2.0955968045945808
2024-11-01 11:58:00,1827.324,1800.0,46.01118,20.85055232594338,2.2870859270679653
2024-11-01 11:58:00,1865.331,1800.0,42.87634,26.488542691968167,2.905514073311168
2024-11-01 11:58:00,1807.0755,1800.0,42.31355,26.27910664893144,2.882541145824057
2024-11-01 11:58:00,1787.2575000000002,1800.0,42.31355,26.346575578081737,2.8899417765585245
2024-11-01 11:58:00,1781.2605,1800.0,42.31355,26.568155700854987,2.914246781653384
2024-11-01 11:58:00,1762.437,1800.0,42.31355,27.55937126775277,3.0229726867663103
2024-11-01 11:58:00,1800.7095,1800.0,49.03995,27.591272861407614,3.0264719555031028
2024-11-01 11:58:00,1797.6554999999998,1800.0,49.03995,27.313430486862366,2.995995574118475
2024-11-01 11:58:00,1834.4565,1800.0,49.03995,27.4999517354976,3.016454990069869
2024-11-01 11:58:00,1808.4405,1800.0,49.03995,27.35063153793276,3.000076137503329
2024-11-01 11:58:00,1817.1405,1800.0,49.03995,26.926857369488257,2.9535925757370345
2024-11-01 11:58:00,1846.3875,1800.0,47.97561,27.24759649685213,2.9887742789833913
2024-11-01 11:58:00,1836.3915,1800.0,45.48615,28.03633701498376,3.075290804345773
2024-11-01 11:58:00,1858.005,1800.0,45.48615,28.338532362674055,3.1084384503228977
2024-11-01 11:58:00,1806.4725,1800.0,42.60987,28.180219173287664,3.091073161295789
2024-11-01 11:58:00,1801.071,1800.0,42.60987,27.70199468254988,3.0386169728146455
2024-11-01 11:58:00,1794.279,1800.0,42.60987,26.130838732533846,2.866277717415655
2024-11-01 11:58:00,1799.5605,1800.0,42.60987,26.338663208193466,2.8890738729395538
2024-11-01 11:58:00,1787.2979999999998,1800.0,42.60987,26.408551093334893,2.896739837662254
2024-11-01 11:58:00,1796.883,1800.0,42.60987,26.472149571915153,2.9037159207448524
2024-11-01 11:58:00,1816.0995,1800.0,42.60987,26.22055134977416,2.876118246393655
2024-11-01 11:58:00,1807.3125,1800.0,42.60987,22.785797998395346,2.4993619892889605
2024-11-01 11:58:00,1824.3585,1800.0,42.60987,23.10198507499403,2.534044380522781
2024-11-01 11:58:00,1812.201,1800.0,42.60987,22.580791089397124,2.476874891144412
2024-11-01 11:58:00,1803.1845,1800.0,42.60987,21.65494786980651,2.375319643825505
2024-11-01 11:58:00,1810.2075,1800.0,42.60987,18.473437851054527,2.026341512360866
2024-11-01 11:58:00,1809.2985,1800.0,42.60987,18.273746290135552,2.004437451902777
2024-11-01 11:58:00,1833.003,1800.0,42.60987,18.386446492394057,2.0167994767802866
2024-11-01 11:58:00,1802.538,1800.0,42.60987,17.99929572569376,1.9743331163533688
2024-11-01 11:58:00,1816.7175,1800.0,42.60987,17.97181617941721,1.9713188996271718
2024-11-01 11:58:00,1824.777,1800.0,42.60987,18.124303991334685,1.9880452061169958
2024-11-01 11:58:00,1803.687,1800.0,42.60987,16.596406195078693,1.8204509144556054
2024-11-01 11:58:00,1787.6609999999998,1800.0,42.60987,16.42908555730698,1.8020976032351839
2024-11-01 11:58:00,1769.3984999999998,1800.0,42.60987,14.567645020279171,1.5979171868241997
2024-11-01 11:58:00,1767.621,1800.0,42.60987,16.819476117754178,1.844919334904518
2024-11-01 11:58:00,1772.5320000000002,1800.0,42.60987,18.17933898534655,1.9940819651597859
2024-11-01 11:58:00,1771.7415,1800.0,42.60987,19.340071816528926,2.12140212827987
2024-11-01 11:58:00,1774.875,1800.0,42.60987,20.192530188347547,2.2149078309164274
2024-11-01 11:58:00,1784.9565,1800.0,42.60987,20.274049023127983,2.2238495882810674
2024-11-01 11:58:00,1760.8185,1800.0,42.60987,22.041427799223968,2.417712420469847
2024-11-01 11:58:00,1751.0295,1800.0,42.60987,23.898880334531004,2.6214553951061426
2024-11-01 11:58:00,1774.3334999999995,1800.0,42.60987,24.097669038552727,2.6432604216743103
2024-11-01 11:58:00,1758.558,1800.0,43.17085,24.046410846586816,2.6376379380268955
2024-11-01 11:58:00,1759.1445,1800.0,43.17085,24.330153289198712,2.668761494720504
2024-11-01 11:58:00,1757.133,1800.0,43.17085,24.871451361218046,2.728136190580434
2024-11-01 11:58:00,1766.217,1800.0,43.77165,24.41953862041329,2.678566123869479
2024-11-01 11:58:00,1751.4719999999998,1800.0,48.44778,24.47818474114027,2.684998985469261
2024-11-01 11:58:00,1779.9015000000002,1800.0,49.01413,20.99068319196648,2.302456806775094
2024-11-01 11:58:00,1790.6805,1800.0,49.01413,20.382794736657075,2.2357778474059775
2024-11-01 11:58:00,1809.7395,1800.0,49.01413,19.70036584359377,2.160922587307776
2024-11-01 11:58:00,1808.946,1800.0,49.01413,17.861752950320614,1.959246122924692
2024-11-01 11:58:00,1827.072,1800.0,49.01413,20.419244642270808,2.2397760180476443
2024-11-01 11:58:00,1785.1065,1800.0,49.01413,20.35160314407524,2.232356458306947
2024-11-01 11:58:00,1805.6865,1800.0,49.01413,21.320613486957367,2.3386466842800733
2024-11-01 11:58:00,1811.211,1800.0,49.01413,22.41670130346176,2.458875970333023
2024-11-01 11:58:00,1818.0735,1800.0,49.01413,23.877453194666014,2.6191050636004607
2024-11-01 11:58:00,1840.278,1800.0,49.01413,26.992061678967577,2.960744801551637
2024-11-01 11:58:00,1833.258,1800.0,49.01413,28.846065844812557,3.164109526386934
2024-11-01 11:58:00,1825.287,1800.0,49.01413,29.960177782748488,3.286315868674627
2024-11-01 11:58:00,1808.781,1800.0,49.01413,29.356152631039635,3.2200606730101207
2024-11-01 11:58:00,1811.4885,1800.0,49.01413,27.871782444880616,3.057240901607736
2024-11-01 11:58:00,1808.628,1800.0,49.01413,27.513626460167018,3.0179549633012277
2024-11-01 11:58:00,1794.2025,1800.0,49.01413,25.94540263113208,2.845937330683615
2024-11-01 11:58:00,1797.333,1800.0,49.01413,24.153584991348513,2.649393812614689
2024-11-01 11:58:00,1804.9395,1800.0,49.01413,21.7779193681879,2.3888083216783498
2024-11-01 11:58:00,1791.7755000000002,1800.0,49.01413,20.137475204337424,2.2088688791814257
2024-11-01 11:58:00,1805.3055,1800.0,49.01413,15.68439515072498,1.720412911036549
2024-11-01 11:58:00,1805.3055,1800.0,49.01413,14.263185355897942,1.5645211691609293
2024-11-01 11:58:00,1805.3055,1800.0,49.01413,13.626891560512089,1.4947264432391159
2024-11-01 11:58:00,1805.3055,1800.0,49.01413,13.665417179560675,1.4989522977766943
2024-11-01 11:58:00,1805.3055,1800.0,49.01413,13.69969330774608,1.5027120279354813
2024-11-01 11:58:00,1805.3055,1800.0,49.01413,13.079340433107937,1.4346658530801655
2024-11-01 11:58:00,1839.873,1800.0,48.46216,13.667011514090518,1.4991271794781111
2024-11-01 11:58:00,1820.1885,1800.0,48.46216,13.747337715467525,1.5079381175229318
2024-11-01 11:58:00,1805.6115,1800.0,48.46216,13.818034411092837,1.5156928002347982
2024-11-01 11:58:00,1822.482,1800.0,48.46216,13.961529031308283,1.5314326483392708
2024-11-01 11:58:00,1819.8585,1800.0,48.46216,12.432074358471997,1.3636675837189054
2024-11-01 11:58:00,1817.2545,1800.0,48.46216,11.379411761458671,1.248201586754191
2024-11-01 11:58:00,1815.1965,1800.0,48.46216,10.87750301077092,1.1931474844730763
2024-11-01 11:58:00,1817.5905,1800.0,48.46216,11.025398225889907,1.2093700314776685
2024-11-01 11:58:00,1829.4615,1800.0,48.46216,11.86136567267966,1.3010668533724465
2024-11-01 11:58:00,1814.835,1800.0,48.46216,11.88241446257843,1.3033756838727968
2024-11-01 11:58:00,1827.81,1800.0,48.46216,11.739288870322016,1.2876763142476757
2024-11-01 11:58:00,1835.046,1800.0,48.46216,12.145585701757547,1.3322427962699437
2024-11-01 11:58:00,1820.1075,1800.0,48.46216,11.977239228364132,1.3137769616891237
2024-11-01 11:58:00,1820.928,1800.0,48.46216,10.64470975278082,1.1676125165766627
2024-11-01 11:58:00,1815.1515,1800.0,48.46216,10.302247775422797,1.130048045538797
2024-11-01 11:58:00,1820.151,1800.0,48.46216,9.912717237110364,1.0873206492372092
2024-11-01 11:58:00,1827.2625,1800.0,48.46216,9.62846323540379,1.056140979900251
2024-11-01 11:58:00,1823.76,1800.0,48.46216,9.092535382467958,0.9973553404978743
2024-11-01 11:58:00,1848.933,1800.0,48.46216,10.470416551896134,1.148494388639543
2024-11-01 11:58:00,1823.91,1800.0,48.46216,9.673444600789896,1.0610749617989876
2024-11-01 11:58:00,1847.2725,1800.0,47.89909,10.452019966529472,1.1464764770350695
2024-11-01 11:58:00,1847.7285,1800.0,47.89909,11.711535449770851,1.2846320563988518
2024-11-01 11:58:00,1811.364,1800.0,47.89909,11.272256499094008,1.2364477833664234
2024-11-01 11:58:00,1821.3645,1800.0,47.89909,11.28974306554286,1.238365875482772
2024-11-01 11:58:00,1829.5545,1800.0,47.89909,11.254195843593934,1.2344667197292531
2024-11-01 11:58:00,1822.968,1800.0,47.89909,11.099069027449776,1.2174509422779902
2024-11-01 11:58:00,1841.5845,1800.0,47.89909,11.311148917970218,1.2407138719808115
2024-11-01 11:58:00,1843.977,1800.0,47.89909,11.648061084942887,1.277669587287327
2024-11-01 11:58:00,1848.4305,1800.0,47.89909,12.46081476835203,1.3668201038990542
2024-11-01 11:58:00,1810.5495,1800.0,47.89909,12.761421289110253,1.3997934723002143
2024-11-01 11:58:00,1845.2355,1800.0,47.89909,13.233793078471606,1.4516076810992793
2024-11-01 11:58:00,1835.0805,1800.0,47.29834,13.23445145214556,1.451679897755266
2024-11-01 11:58:00,1837.7865,1800.0,47.29834,13.110082943241062,1.4380379825657106
2024-11-01 11:58:00,1831.0305,1800.0,47.29834,12.888267356769681,1.4137071495838045
2024-11-01 11:58:00,1800.1005,1800.0,47.29834,14.268159848218733,1.5650668185616425
2024-11-01 11:58:00,1836.8475,1800.0,47.29834,14.09338738836951,1.5458961209651643
2024-11-01 11:58:00,1817.6565,1800.0,46.77813,14.413943106543007,1.5810577061555746
2024-11-01 11:58:00,1819.5,1800.0,46.77813,14.561277896665672,1.5972187804422153
2024-11-01 11:58:00,1829.568,1800.0,46.77813,13.93969330713892,1.5290374994398843
2024-11-01 11:58:00,1848.8714999999995,1800.0,46.77813,14.466132568378255,1.586782340296615
2024-11-01 11:58:00,1810.8735,1800.0,46.77813,14.64258425051,1.6061372308866764
2024-11-01 11:58:00,1810.8735,1800.0,46.22197,14.547051517372664,1.595658296510397
2024-11-01 11:58:00,1819.785,1800.0,46.22197,14.167445822308158,1.5540195509536843
2024-11-01 11:58:00,1819.269,1800.0,46.22197,14.227360565021081,1.5605915670202382
2024-11-01 11:58:00,1808.9475,1800.0,46.22197,14.840100452287077,1.627802677364571
2024-11-01 11:58:00,1842.2055,1800.0,46.22197,15.188011160005779,1.6659648167199705
2024-11-01 11:58:00,1838.5965,1800.0,46.22197,15.060566643307768,1.6519854958815807
2024-11-01 11:58:00,1849.461,1800.0,46.22197,15.417078336313836,1.6910910727105848
2024-11-01 11:58:00,1808.0535,1800.0,46.22197,15.248263770246407,1.6725738932948384
2024-11-01 11:58:00,1819.6635,1800.0,46.22197,14.893827353061177,1.6336959523600987
2024-11-01 11:58:00,1819.6635,1800.0,45.58444,14.283221530750422,1.5667189264587236
2024-11-01 11:58:00,1805.31,1800.0,45.58444,14.742305639939032,1.6170756167301548
2024-11-01 11:58:00,1841.4,1800.0,45.58444,14.944741760783561,1.639280726497807
2024-11-01 11:58:00,1843.3785000000005,1800.0,45.58444,15.500262398854547,1.7002154880171514
2024-11-01 11:58:00,1834.2795,1800.0,45.58444,14.521696351599617,1.5928771019448287
2024-11-01 11:58:00,1838.58,1800.0,45.58444,14.593479876473399,1.600750998375375
2024-11-01 11:58:00,1850.331,1800.0,45.58444,15.382885707709802,1.6873405015761962
2024-11-01 11:58:00,1806.3975,1800.0,45.58444,16.026366301546283,1.7579235435742533
2024-11-01 11:58:00,1816.872,1800.0,45.58444,16.181469609589932,1.7749367424345512
2024-11-01 11:58:00,1819.1505,1800.0,45.58444,15.377154974260268,1.6867119004907516
2024-11-01 11:58:00,1818.1335,1800.0,45.58444,15.105579974485286,1.6569229840908717
2024-11-01 11:58:00,1804.8540000000005,1800.0,45.58444,15.4683288658393,1.6967127158690076
2024-11-01 11:58:00,1815.7125,1800.0,45.58444,15.570063941906252,1.7078719819222334
2024-11-01 11:58:00,1842.2055,1800.0,45.58444,15.96443018950035,1.7511298045872383
2024-11-01 11:58:00,1846.8825,1800.0,45.58444,16.06502134212013,1.7621635942896814
2024-11-01 11:58:00,1846.8825,1800.0,45.58444,16.313932418952227,1.7894665171098934
2024-11-01 11:58:00,1823.619,1800.0,45.58444,16.158967992378177,1.7724685520836778
2024-11-01 11:58:00,1813.473,1800.0,45.58444,15.583111792807808,1.7093031937054486
2024-11-01 11:58:00,1843.035,1800.0,45.58444,15.45589079169776,1.6953483901722943
2024-11-01 11:58:00,1831.284,1800.0,45.58444,15.364291936851558,1.6853009608006693
2024-11-01 11:58:00,1835.4405,1800.0,45.0303,15.314780941514702,1.6798701262165343
2024-11-01 11:58:00,1815.852,1800.0,45.0303,14.627541664964063,1.6044872177277434
2024-11-01 11:58:00,1818.5775,1800.0,45.0303,14.531049905438772,1.5939030882601641
2024-11-01 11:58:00,1833.39,1800.0,45.0303,14.15027796880645,1.5521364182899577
2024-11-01 11:58:00,1842.7425,1800.0,44.47257,14.478617910279027,1.5881518507685444
2024-11-01 11:58:00,1806.3195,1800.0,44.47257,15.043909072118241,1.650158335811615
2024-11-01 11:58:00,1822.7985,1800.0,44.47257,13.975779883701607,1.5329958167123667
2024-11-01 11:58:00,1831.9545000000005,1800.0,44.47257,13.320983348295213,1.4611715351389016
2024-11-01 11:58:00,1800.1950000000002,1800.0,44.47257,14.428594950736194,1.5826648591046184
2024-11-01 11:58:00,1803.864,1800.0,44.47257,15.175194209688419,1.6645589322982763
2024-11-01 11:58:00,1816.3005,1800.0,44.47257,15.223420238555352,1.669848819597938
2024-11-01 11:58:00,1832.5965,1800.0,44.47257,14.562878604512669,1.5973943612293802
2024-11-01 11:58:00,1821.174,1800.0,44.47257,14.407108504289644,1.5803080222917414
2024-11-01 11:58:00,1842.717,1800.0,44.47257,14.437010755065423,1.5835879841780194
2024-11-01 11:58:00,1810.284,1800.0,42.86634,14.025084606618867,1.538404025385177
2024-11-01 11:58:00,1823.3805,1800.0,42.86634,13.009897173698185,1.427048659116044
2024-11-01 11:58:00,1818.852,1800.0,42.86634,13.050240372325177,1.4314738829849531
2024-11-01 11:58:00,1799.352,1800.0,42.86634,13.95544533173532,1.5307653305886268
2024-11-01 11:58:00,1811.133,1800.0,42.86634,13.29289391571452,1.458090420310366
2024-11-01 11:58:00,1820.1465,1800.0,42.86634,13.066809618460983,1.4332913547270412
2024-11-01 11:58:00,1800.6974999999998,1800.0,42.86634,13.26347521946006,1.4548634992607712
2024-11-01 11:58:00,1804.8375,1800.0,42.86634,13.60848195048146,1.4927071029662218
2024-11-01 11:58:00,1806.0915,1800.0,42.86634,13.867697191742046,1.5211402840686217
2024-11-01 11:58:00,1799.973,1800.0,42.86634,13.858105802505957,1.5200882097158672
2024-11-01 11:58:00,1789.0170000000005,1800.0,42.86634,13.558511905419474,1.4872259154633842
2024-11-01 11:58:00,1768.1505000000002,1800.0,42.86634,16.848026994044627,1.848051065246649
2024-11-02 12:04:00,1807.0095,1800.0,42.86634,16.64342600374293,1.8256084921067068
2024-11-02 12:08:00,1803.1875,1800.0,42.86634,15.908169714182748,1.7449586231558025
2024-11-02 12:10:00,1812.141,1800.0,42.86634,15.786025629366733,1.7315607038541776
2024-11-02 12:16:00,1780.4085,1800.0,42.86634,17.05091303812023,1.8703055268527546
2024-11-02 12:20:00,1793.2379999999998,1800.0,42.86634,17.265029884056645,1.8937918891051366
2024-11-02 12:22:00,1812.321,1800.0,42.86634,16.262673077096306,1.7838439073316588
2024-11-02 12:26:00,1797.4679999999998,1800.0,42.86634,15.975654050918655,1.7523609439400902
2024-11-02 12:28:00,1816.11,1800.0,42.86634,13.602923886813425,1.4920974419367108
2024-11-02 12:32:00,1796.2215,1800.0,42.86634,13.607581243558801,1.4926083049058627
2024-11-02 12:36:00,1800.3975,1800.0,42.86634,12.737325256383695,1.397150391364727
2024-11-02 12:38:00,1795.7445,1800.0,42.86634,12.147103146622568,1.3324092439851711
2024-11-02 12:42:00,1819.1205,1800.0,42.86634,12.818877962642528,1.406095864073707
2024-11-02 12:44:00,1798.4924999999998,1800.0,42.86634,12.638133052786964,1.3862700516320154
2024-11-02 12:46:00,1786.605,1800.0,42.86634,12.186481122435135,1.3367285930800767
2024-11-02 12:50:00,1831.425,1800.0,42.86634,14.143557485819656,1.5513992521074067
2024-11-02 12:52:00,1786.7985,1800.0,42.86634,14.450950088487586,1.585116982201869
2024-11-02 12:58:00,1777.764,1800.0,42.86634,15.19133230713811,1.666329111571701
2024-11-02 01:00:00,1812.162,1800.0,42.86634,15.491704383317575,1.6992767638724735
2024-11-02 01:04:00,1794.7935,1800.0,42.86634,15.345231511414669,1.6832102329341276
2024-11-02 01:06:00,1793.187,1800.0,42.86634,13.574111071508966,1.4889369796443022
2024-11-02 01:10:00,1802.2905,1800.0,42.86634,13.50002060174186,1.4808100356629017
2024-11-02 01:12:00,1805.6655,1800.0,42.86634,13.53736351090568,1.4849061593861126
2024-11-02 01:18:00,1795.428,1800.0,42.86634,13.302402494626374,1.4591334112429686
2024-11-02 01:20:00,1767.7290000000005,1800.0,42.86634,14.520673862751346,1.592764945690217
2024-11-02 01:22:00,1790.829,1800.0,42.86634,14.582139900431622,1.5995071224716098
2024-11-02 01:26:00,1799.2275,1800.0,42.86634,14.243911758421183,1.5624070585674068
2024-11-02 01:28:00,1798.8915,1800.0,42.86634,14.242708316223792,1.5622750536367622
2024-11-02 01:32:00,1789.9305,1800.0,42.86634,13.727364955009415,1.505747316116122
2024-11-02 01:34:00,1807.404,1800.0,42.86634,13.914650613537857,1.5262905797796504
2024-11-02 01:38:00,1815.6525,1800.0,42.86634,14.477363820696763,1.5880142903533552
2024-11-02 01:42:00,1792.584,1800.0,42.86634,14.525698449557579,1.5933160899282317
2024-11-02 01:44:00,1787.5935,1800.0,42.86634,13.841770640942121,1.5182964145852151
2024-11-02 01:46:00,1799.6925,1800.0,42.86634,13.852442906449626,1.519467049677782
2024-11-02 01:50:00,1782.4964999999995,1800.0,42.86634,14.04050315626385,1.5400952778449482
2024-11-02 01:52:00,1799.133,1800.0,42.86634,11.437714045027189,1.2545967330400556
2024-11-02 01:54:00,1801.8225,1800.0,42.86634,11.366441067180956,1.2467788382397569
2024-11-02 01:56:00,1811.754,1800.0,42.86634,11.078781663113467,1.2152256321401318
2024-11-02 01:58:00,1780.8629999999998,1800.0,42.86634,11.096365296182682,1.2171543714421258
2024-11-02 02:06:00,1799.742,1800.0,42.86634,11.126734766466663,1.2204855823862397
2024-11-02 02:08:00,1773.891,1800.0,42.86634,12.179049201293195,1.3359133896269932
2024-11-02 02:10:00,1785.369,1800.0,42.86634,12.24310094693633,1.342939191331166
2024-11-02 02:12:00,1798.377,1800.0,42.86634,11.992428255939306,1.3154430379958795
2024-11-02 02:14:00,1799.25,1800.0,42.86634,12.048037629692256,1.3215428004451064
2024-11-02 02:16:00,1798.098,1800.0,42.86634,10.340734469366096,1.1342696304024058
2024-11-02 02:18:00,1813.5765,1800.0,42.86634,11.013956568683316,1.2081150022213465
2024-11-02 02:22:00,1806.318,1800.0,42.86634,11.209688715694062,1.2295847566866074
2024-11-02 02:24:00,1803.828,1800.0,42.86634,11.304648901039867,1.2400008886020157
2024-11-02 02:26:00,1784.3295000000005,1800.0,42.86634,11.564994473432392,1.2685580551214146
2024-11-02 02:32:00,1816.4595,1800.0,42.86634,12.152441314191055,1.332994784729194
2024-11-02 02:36:00,1813.3815,1800.0,42.86634,11.983748150488351,1.3144909218738692
2024-11-02 02:38:00,1799.457,1800.0,42.86634,11.935981561300137,1.3092514302667106
2024-11-02 02:40:00,1795.686,1800.0,42.86634,11.707773038140619,1.2842193594804765
2024-11-02 02:42:00,1802.0445,1800.0,42.86634,11.73558445417321,1.2872699788226236
2024-11-02 02:46:00,1802.0235,1800.0,42.86634,11.149804622171526,1.2230161025133457
2024-11-02 02:48:00,1808.7645,1800.0,42.86634,11.349773519075256,1.2449505838071948
2024-11-02 02:54:00,1788.6525,1800.0,42.86634,11.602546725321032,1.2726771415360871
2024-11-02 02:56:00,1791.957,1800.0,42.86634,11.306258473686011,1.2401774417642557
2024-11-02 02:58:00,1823.0955,1800.0,42.86634,11.847701532007466,1.2995680410940798
2024-11-02 03:00:00,1799.1825,1800.0,42.86634,11.849537640217326,1.2997694428210798
2024-11-02 03:04:00,1802.1135,1800.0,42.86634,10.105295100091608,1.1084444119751968
2024-11-02 03:08:00,1802.8395,1800.0,42.86634,9.355878085322823,1.0262412606538602
2024-11-02 03:12:00,1816.3920000000005,1800.0,42.86634,9.797684508814053,1.074702770826795
2024-11-02 03:14:00,1831.431,1800.0,42.86634,11.567660476291666,1.2688504875484146
2024-11-02 03:18:00,1815.5055,1800.0,42.86634,11.676845193841231,1.2808269007894102
2024-11-02 03:20:00,1822.404,1800.0,42.86634,12.141777232154665,1.3318250472771946
2024-11-02 03:24:00,1798.149,1800.0,42.86634,12.277544543211317,1.3467172909750833
2024-11-02 03:26:00,1775.4285,1800.0,42.86634,14.043266046191286,1.5403983377626087
2024-11-02 03:28:00,1760.1675,1800.0,42.86634,16.661782113470252,1.8276219639599602
2024-11-02 03:34:00,1797.756,1800.0,42.86634,16.404650083614957,1.7994172892018367
2024-11-02 03:36:00,1801.0965,1800.0,42.86634,16.197417817601707,1.7766860928371444
2024-11-02 03:40:00,1795.9695000000002,1800.0,42.86634,16.241630883139404,1.7815358003366424
2024-11-02 03:44:00,1796.133,1800.0,42.86634,16.233467004501918,1.780640308857558
2024-11-02 03:46:00,1764.891,1800.0,42.86634,18.18326900260634,1.9945130466499783
2024-11-02 03:48:00,1799.421,1800.0,42.86634,18.17505839741473,1.9936124297601763
2024-11-02 03:50:00,1797.87,1800.0,42.86634,18.047720155264276,1.979644766120038
2024-11-02 03:54:00,1793.3249999999998,1800.0,42.86634,17.936312051899744,1.967424470878779
2024-11-02 03:56:00,1785.678,1800.0,42.86634,18.124764405930808,1.988095708747667
2024-11-02 03:58:00,1800.7979999999998,1800.0,42.86634,17.22429100512017,1.8893232632748174
2024-11-02 04:06:00,1802.9475,1800.0,42.86634,17.260415694820573,1.8932857611569807
2024-11-02 04:08:00,1792.4520000000002,1800.0,42.86634,17.274889816450777,1.894873419813194
2024-11-02 04:10:00,1819.635,1800.0,42.86634,17.94180476092236,1.9680269631922065
2024-11-02 04:12:00,1799.2905,1800.0,42.86634,17.438276233829885,1.912795188504034
2024-11-02 04:16:00,1800.2219999999998,1800.0,42.86634,15.536476865987886,1.704187833537892
2024-11-02 04:18:00,1808.1855,1800.0,42.86634,15.132699047427508,1.6598976606899236
2024-11-02 04:20:00,1816.638,1800.0,42.86634,14.641954217141206,1.6060681228635973
2024-11-02 04:24:00,1798.119,1800.0,42.86634,14.64164881091342,1.6060346230179008
2024-11-02 04:28:00,1792.6575,1800.0,42.86634,13.898889773799041,1.5245617817026536
2024-11-02 04:30:00,1809.4665,1800.0,42.86634,11.309586288071726,1.2405424679434418
2024-11-02 04:34:00,1792.8494999999998,1800.0,42.86634,11.382467863831605,1.248536808988094
2024-11-02 04:38:00,1791.2655,1800.0,42.86634,11.471014886964248,1.2582494845721577
2024-11-02 04:40:00,1819.1445,1800.0,42.86634,12.399657130132043,1.3601117552894297
2024-11-02 04:42:00,1826.2575,1800.0,42.86634,13.77961207753374,1.5114782750272915
2024-11-02 04:46:00,1794.0225,1800.0,42.86634,11.088062782847741,1.216243673197264
2024-11-02 04:48:00,1805.055,1800.0,42.86634,11.090333017758777,1.2164926940498053
2024-11-02 04:52:00,1792.9245,1800.0,42.86634,11.24817319352366,1.2338060984658903
2024-11-02 04:54:00,1805.739,1800.0,42.86634,11.082862263157807,1.2156732309753815
2024-11-02 04:56:00,1799.8604999999998,1800.0,42.86634,10.369361250187081,1.137409686671873
2024-11-02 04:58:00,1804.7385,1800.0,42.86634,10.355215839927432,1.135858084189996
2024-11-02 05:00:00,1815.3465,1800.0,42.86634,10.681769220050729,1.171677549710206
2024-11-02 05:04:00,1823.481,1800.0,42.86634,11.130588775124567,1.220908326533565
2024-11-02 05:08:00,1810.611,1800.0,42.86634,10.712960661931554,1.1750989222789237
2024-11-02 05:10:00,1815.435,1800.0,42.86634,10.844250237240834,1.1895000055388127
2024-11-02 05:16:00,1826.622,1800.0,42.86634,11.666553500340251,1.2796980104365872
2024-11-02 05:18:00,1801.743,1800.0,42.86634,11.733084644303247,1.2869957760156876
2024-11-02 05:20:00,1813.794,1800.0,42.86634,11.628153951186404,1.2754859844383
2024-11-02 05:24:00,1816.659,1800.0,42.86634,11.625541768784048,1.275199455548419
2024-11-02 05:26:00,1831.7715,1800.0,42.86634,12.204855907290183,1.338744113398097
2024-11-02 05:30:00,1819.0125,1800.0,42.86634,12.374982151898841,1.3574051701311245
2024-11-02 05:34:00,1831.3035,1800.0,42.86634,12.504896814818645,1.371655439986756
2024-11-02 05:36:00,1812.207,1800.0,42.86634,11.491985379518312,1.2605497266786656
2024-11-02 05:40:00,1806.6105,1800.0,42.86634,11.497469009121215,1.2611512230754034
2024-11-02 05:42:00,1829.895,1800.0,42.86634,11.749888934829636,1.2888390296512016
2024-11-02 05:46:00,1809.2985,1800.0,42.86634,10.930078964985634,1.1989145127564003
2024-11-02 05:48:00,1809.906,1800.0,42.86634,10.783188060308328,1.1828021280267287
2024-11-02 05:50:00,1815.264,1800.0,42.86634,9.593113324281841,1.052263467065758
2024-11-02 05:54:00,1817.0085,1800.0,42.86634,9.350591398226367,1.025661366775266
2024-11-02 05:56:00,1810.9275,1800.0,42.86634,8.677858848620248,0.9518696934021681
2024-11-02 06:00:00,1803.1695,1800.0,42.86634,8.792141116195996,0.9644052541777305
2024-11-02 06:04:00,1790.5500000000002,1800.0,42.86634,10.47660977945333,1.1491737204561667
2024-11-02 06:08:00,1818.336,1800.0,42.86634,10.313179052470156,1.1312470914685677
2024-11-02 06:10:00,1826.9805,1800.0,42.86634,10.632396204983376,1.1662618501079969
2024-11-02 06:12:00,1785.2535000000005,1800.0,42.86634,12.579487018446532,1.3798371995079277
2024-11-02 06:14:00,1812.0705,1800.0,42.86634,12.215349629259011,1.3398951641454486
2024-11-02 06:18:00,1803.7755,1800.0,42.86634,12.124111560609943,1.329887309218723
2024-11-02 06:20:00,1813.9875,1800.0,42.86634,12.12469640452406,1.3299514604347005
2024-11-02 06:22:00,1798.116,1800.0,42.86634,12.54780793318928,1.376362337598198
2024-11-02 06:28:00,1812.0885,1800.0,42.86634,11.679809910214646,1.2811520989419287
2024-11-02 06:30:00,1789.5645,1800.0,42.86634,12.48330679123256,1.3692872418528697
2024-11-02 06:34:00,1777.3650000000002,1800.0,42.86634,13.390240401520789,1.4687683042463238
2024-11-02 06:36:00,1809.4125,1800.0,42.86634,13.348866465255847,1.464230019317477
2024-11-02 06:40:00,1802.418,1800.0,42.86634,13.387819185933967,1.4685027224042482
2024-11-02 06:42:00,1799.2035,1800.0,42.86634,12.313425147156526,1.3506530152213752
2024-11-02 06:44:00,1789.4565,1800.0,42.86634,12.760018130531154,1.3996395605865324
2024-11-02 06:50:00,1816.602,1800.0,42.86634,13.001985748618102,1.426180859132578
2024-11-02 06:52:00,1798.4385000000002,1800.0,42.86634,12.817158236029265,1.4059072281817597
2024-11-02 06:54:00,1795.719,1800.0,42.86634,12.537881059410694,1.3752734641255016
2024-11-02 06:58:00,1799.628,1800.0,42.86634,12.400113059228486,1.3601617659080412
2024-11-02 07:00:00,1800.0825,1800.0,42.86634,12.405399812817874,1.3607416670802095
2024-11-02 07:04:00,1802.721,1800.0,42.86634,12.111660983816595,1.3285216121128236
2024-11-02 07:06:00,1786.7865000000002,1800.0,42.86634,12.002997052795989,1.3166023236675055
2024-11-02 07:10:00,1791.0479999999998,1800.0,42.86634,10.502325440617483,1.1519944575682766
2024-11-02 07:14:00,1806.708,1800.0,42.86634,10.091926502588706,1.1069780176689183
2024-11-02 07:18:00,1791.909,1800.0,42.86634,9.85420690152228,1.0809026818366514
2024-11-02 07:20:00,1796.631,1800.0,42.86634,9.810978624237828,1.076160995233671
2024-11-02 07:24:00,1795.0695,1800.0,42.86634,9.170259872458562,1.0058808982129506
2024-11-02 07:26:00,1795.6185,1800.0,42.86634,9.184850227992966,1.007481306503916
2024-11-02 07:30:00,1802.901,1800.0,42.86634,8.647902921762133,0.9485838438151417
2024-11-02 07:34:00,1811.589,1800.0,42.86634,8.99765250832977,0.9869476888074584
2024-11-02 07:38:00,1804.2329999999995,1800.0,42.86634,7.574694045417685,0.8308641364653385
2024-11-02 07:42:00,1799.118,1800.0,42.86634,7.229654183837428,0.7930168986866155
2024-11-02 07:44:00,1803.522,1800.0,42.86634,7.258917219312023,0.7962267453885642
2024-11-02 07:46:00,1824.003,1800.0,42.86634,9.113848140696371,0.9996931255430482
2024-11-02 07:48:00,1799.1165,1800.0,42.86634,8.741156092096997,0.9588127341674594
2024-11-02 07:52:00,1802.346,1800.0,42.86634,7.953928484194322,0.8724621591185021
2024-11-02 07:54:00,1797.6795,1800.0,42.86634,7.9653783451684435,0.8737180882416944
2024-11-02 07:56:00,1818.2535000000005,1800.0,42.86634,8.827240965327313,0.9682553378462845
2024-11-02 07:58:00,1787.6415,1800.0,42.86634,9.348827414656895,1.0254678763614753
2024-11-02 08:04:00,1816.0935,1800.0,42.86634,9.946185097290066,1.0909917209109716
2024-11-02 08:06:00,1804.0635,1800.0,42.86634,9.958320506092079,1.0923228474085547
2024-11-02 08:10:00,1807.5075,1800.0,42.86634,9.384636245197298,1.029395727821401
2024-11-02 08:12:00,1818.564,1800.0,42.86634,9.593046065382234,1.0522560894730517
2024-11-02 08:14:00,1818.906,1800.0,42.86634,10.137964860490321,1.1120279405110625
2024-11-02 08:18:00,1786.3995,1800.0,42.86634,10.5705423370819,1.1594771324371766
2024-11-02 08:20:00,1771.2945,1800.0,42.86634,12.834355749805288,1.407793614265104
2024-11-02 08:22:00,1803.1515,1800.0,42.86634,12.69145901910441,1.392119348341541
2024-11-02 08:28:00,1800.06,1800.0,42.86634,12.582840767972709,1.380205070498793
2024-11-02 08:30:00,1788.3285,1800.0,42.86634,13.052155577646467,1.4316839608317793
2024-11-02 08:34:00,1796.6129999999998,1800.0,42.86634,12.968436620541187,1.4225008732266586
2024-11-02 08:36:00,1784.481,1800.0,42.86634,13.555862263512573,1.486935277660495
2024-11-02 08:38:00,1801.119,1800.0,42.86634,13.545847013867839,1.4858367102863326
2024-11-02 08:40:00,1810.8615,1800.0,42.86634,13.703234094935649,1.5031004149875562
2024-11-02 08:44:00,1782.2835,1800.0,42.86634,13.319363920405141,1.4609939009602293
2024-11-02 08:48:00,1797.9254999999998,1800.0,42.86634,13.324950945776463,1.4616067387834761
2024-11-02 08:50:00,1778.535,1800.0,42.86634,14.114423080739174,1.5482035148045556
2024-11-02 08:52:00,1780.7130000000002,1800.0,42.86634,14.664723570801996,1.6085656810822941
2024-11-02 08:56:00,1814.2695,1800.0,42.86634,14.39454669027698,1.5789301236347804
2024-11-02 08:58:00,1824.384,1800.0,42.86634,15.388451010655793,1.6879509566782323
2024-11-02 09:00:00,1800.5834999999995,1800.0,42.86634,14.878789688221012,1.6320464789507485
2024-11-02 09:04:00,1804.263,1800.0,42.86634,14.88278066840373,1.6324842474313344
2024-11-02 09:08:00,1821.6765,1800.0,42.86634,15.650927010214593,1.7167418086134638
2024-11-02 09:12:00,1810.2795,1800.0,42.86634,15.215607132739938,1.6689918042020009
2024-11-02 09:14:00,1824.0525,1800.0,42.86634,15.611781797904529,1.7124479912225912
2024-11-02 09:16:00,1804.2329999999995,1800.0,42.86634,15.35760552529273,1.6845675318948194
2024-11-02 09:20:00,1813.2405,1800.0,42.86634,14.045678014098682,1.5406629052316767
2024-11-02 09:22:00,1791.6885000000002,1800.0,42.86634,14.231135315954457,1.5610056174301723
2024-11-02 09:26:00,1841.298,1800.0,42.86634,16.774740257050258,1.8400122822829958
2024-11-02 09:28:00,1819.4265,1800.0,42.86634,16.731619205686926,1.8352823572339245
2024-11-02 09:30:00,1820.8455,1800.0,42.86634,16.960796206096912,1.8604206597715103
2024-11-02 09:36:00,1822.278,1800.0,42.86634,16.500238660474533,1.8099023490461255
2024-11-02 09:40:00,1799.154,1800.0,42.86634,16.550381596729324,1.815402500891384
2024-11-02 09:42:00,1814.9565,1800.0,42.86634,16.61156609303118,1.8221137955496365
2024-11-02 09:44:00,1812.069,1800.0,42.86634,15.450550264663203,1.694762590619701
2024-11-02 09:48:00,1807.827,1800.0,42.86634,15.206966537273145,1.668044021909011
2024-11-02 09:50:00,1816.593,1800.0,42.86634,13.283972864931808,1.4571118750238503
2024-11-02 09:52:00,1810.194,1800.0,42.86634,11.055956704296404,1.212721974621599
2024-11-02 09:56:00,1822.8825,1800.0,42.86634,11.246816523256554,1.2336572860302737
2024-11-02 10:00:00,1812.3075,1800.0,42.86634,10.98658629548779,1.2051127716009322
2024-11-02 10:04:00,1792.068,1800.0,42.86634,11.65769780704761,1.2787266341781833
2024-11-02 10:08:00,1811.6459999999995,1800.0,42.86634,11.479787738039287,1.2592117739120432
2024-11-02 10:10:00,1802.577,1800.0,42.86634,11.552374692394526,1.2671737980924784
2024-11-02 10:14:00,1811.955,1800.0,42.86634,11.541641210482272,1.265996448205233
2024-11-02 10:16:00,1810.002,1800.0,42.86634,11.228967238531467,1.2316994075403032
2024-11-02 10:18:00,1793.364,1800.0,42.86634,11.862753818340284,1.3012191183271347
2024-11-02 10:24:00,1792.3935,1800.0,42.86634,12.579244637260084,1.3798106128452894
2024-11-02 10:26:00,1825.899,1800.0,42.86634,12.240048070723244,1.34260432297301
2024-11-02 10:28:00,1818.2565,1800.0,42.86634,10.260229594323855,1.1254390937388576
2024-11-02 10:30:00,1819.455,1800.0,42.86634,10.26148757567532,1.1255770810401278
2024-11-02 10:36:00,1798.068,1800.0,42.86634,10.355680515230263,1.1359090541753059
2024-11-02 10:38:00,1814.841,1800.0,42.86634,10.007839234259738,1.0977545302027623
2024-11-02 10:40:00,1812.8685,1800.0,42.86634,9.74050467472725,1.068430745423934
2024-11-02 10:44:00,1812.8025,1800.0,42.86634,9.694747241484933,1.0634116370573397
2024-11-02 10:48:00,1819.1835,1800.0,42.86634,9.906598739534314,1.0866495145122277
2024-11-02 10:50:00,1808.9055,1800.0,42.86634,9.895591989948695,1.085442190040122
2024-11-02 10:52:00,1816.0665,1800.0,42.86634,9.878692336317394,1.0835884760766612
2024-11-02 10:56:00,1820.8965,1800.0,42.86634,10.159292260106806,1.114367331562259
2024-11-02 10:58:00,1803.8295000000005,1800.0,42.86634,9.857665759379763,1.0812820821041318
2024-11-02 11:02:00,1806.948,1800.0,42.86634,9.860741769730614,1.0816194880334793
2024-11-02 11:06:00,1800.0135,1800.0,42.86634,9.258860579691898,1.0155994623772915
2024-11-02 11:10:00,1811.424,1800.0,42.86634,9.25691444969163,1.0153859924189768
2024-11-02 11:12:00,1822.305,1800.0,42.86634,9.474248774688384,1.0392252782277476
2024-11-02 11:16:00,1812.7485,1800.0,42.86634,9.480233320014891,1.0398817198021573
2024-11-02 11:18:00,1801.4625,1800.0,42.86634,9.717521870987017,1.0659097739802446
2024-11-02 11:22:00,1803.5085,1800.0,42.86634,9.010261443243678,0.9883307561308614
2024-11-02 11:24:00,1800.4605,1800.0,42.86634,8.280045264103185,0.9082337341948249
2024-11-02 11:26:00,1798.6530000000002,1800.0,42.86634,8.023203716447552,0.8800609222737396
2024-11-02 11:28:00,1805.997,1800.0,42.86634,7.836182554593567,0.8595466711088943
2024-11-02 11:36:00,1797.891,1800.0,42.86634,7.880917264105086,0.8644535974567381
2024-11-02 11:38:00,1796.292,1800.0,42.86634,8.012881266238066,0.8789286582340191
2024-11-02 11:40:00,1785.594,1800.0,42.86634,9.327762348015819,1.0231572604739714
2024-11-02 11:44:00,1814.4915,1800.0,42.86634,9.389345519902495,1.029912285643783
2024-11-02 11:46:00,1796.223,1800.0,42.86634,9.57764219045114,1.0505664466747944
2024-11-02 11:48:00,1796.0055,1800.0,42.86634,9.315590488214713,1.0218221356858037
2024-11-02 11:50:00,1805.0385,1800.0,42.86634,9.269971748490043,1.0168182405369424
2024-11-02 11:52:00,1805.9175,1800.0,42.86634,8.890343859131704,0.9751770605000154
2024-11-02 11:58:00,1817.8215,1800.0,42.86634,8.61011653976529,0.944439075794188
2024-11-02 11:58:00,1839.255,1800.0,42.86634,11.651492471602655,1.2780459742538304
2024-11-02 11:58:00,1795.761,1800.0,42.86634,11.865225091684868,1.3014901909778722
2024-11-02 11:58:00,1813.227,1800.0,42.86634,11.920587798201387,1.307562896629932
2024-11-02 11:58:00,1829.961,1800.0,42.86634,13.032943631101,1.4295766126959195
2024-11-02 11:58:00,1785.4425,1800.0,42.86634,13.347036679689738,1.464029311117887
2024-11-02 11:58:00,1809.282,1800.0,42.86634,13.264568553378407,1.4549834264732087
2024-11-02 11:58:00,1838.751,1800.0,42.86634,15.228985736262088,1.670459296063176
2024-11-02 11:58:00,1823.373,1800.0,42.86634,15.646534469899693,1.7162599932168623
2024-11-02 11:58:00,1808.583,1800.0,42.86634,15.551899099635806,1.705879490093974
2024-11-02 11:58:00,1796.6235,1800.0,42.86634,15.623775149022997,1.713763535488884
2024-11-02 11:58:00,1790.307,1800.0,42.86634,16.119728738963534,1.768164419374367
2024-11-02 11:58:00,1785.513,1800.0,42.86634,16.72589129469599,1.8346540657424535
2024-11-02 11:58:00,1811.3265,1800.0,42.86634,16.57191296258448,1.817764264890154
2024-11-02 11:58:00,1786.6364999999998,1800.0,42.86634,16.50112090169942,1.8099991216139777
2024-11-02 11:58:00,1780.7219999999998,1800.0,42.86634,17.44624676723291,1.9136694720478133
2024-11-02 11:58:00,1787.757,1800.0,42.86634,17.789872256576096,1.9513615680927119
2024-11-02 11:58:00,1800.1799999999998,1800.0,42.86634,17.698531808923505,1.941342483267875
2024-11-02 11:58:00,1794.6104999999998,1800.0,42.86634,17.867929789427365,1.9599236571009562
2024-11-02 11:58:00,1805.67,1800.0,42.86634,17.867384892518714,1.959863887650632
2024-11-02 11:58:00,1809.9584999999995,1800.0,42.86634,17.656609520607315,1.9367440498959616
2024-11-02 11:58:00,1793.9535,1800.0,42.86634,15.790382347023977,1.73203858988263
2024-11-02 11:58:00,1790.0280000000002,1800.0,42.86634,15.967939538896108,1.751514743244533
2024-11-02 11:58:00,1777.8375,1800.0,42.86634,16.617096903018695,1.8227204671375155
2024-11-02 11:58:00,1790.9879999999998,1800.0,42.86634,15.182113738060117,1.6653179316625843
2024-11-02 11:58:00,1821.723,1800.0,42.86634,15.713461847023678,1.7236012213993588
2024-11-02 11:58:00,1816.023,1800.0,42.86634,15.988608297849902,1.7537818883538916
2024-11-02 11:58:00,1807.848,1800.0,42.86634,13.380907682294787,1.467744603268556
2024-11-02 11:58:00,1811.838,1800.0,42.86634,12.493478217896355,1.370402940200679
2024-11-02 11:58:00,1795.734,1800.0,42.86634,12.27100718304421,1.346000211436631
2024-11-02 11:58:00,1803.699,1800.0,42.86634,12.338209473127176,1.3533715946744866
2024-11-02 11:58:00,1802.154,1800.0,42.86634,12.227374690256083,1.341214186651357
2024-11-02 11:58:00,1804.9095,1800.0,42.86634,11.89012621140494,1.3042215814748594
2024-11-02 11:58:00,1794.2295,1800.0,42.86634,11.620246756008187,1.2746186484305062
2024-11-02 11:58:00,1783.29,1800.0,42.86634,11.827241372206869,1.2973237771142099
2024-11-02 11:58:00,1799.973,1800.0,42.86634,11.048461873663555,1.2118998706601216
2024-11-02 11:58:00,1812.798,1800.0,42.86634,11.052191971807021,1.2123090231294253
2024-11-02 11:58:00,1793.9625,1800.0,42.86634,11.159608958295735,1.2240915348963057
2024-11-02 11:58:00,1794.4515,1800.0,42.86634,11.16412714937167,1.224587132857647
2024-11-02 11:58:00,1795.8540000000005,1800.0,42.86634,11.143099181342631,1.2222805862970454
2024-11-02 11:58:00,1808.34,1800.0,42.86634,11.073106695009136,1.2146031479255612
2024-11-02 11:58:00,1816.107,1800.0,42.86634,11.536686043453937,1.2654529185855081
2024-11-02 11:58:00,1813.704,1800.0,42.86634,11.556621411757083,1.2676396184668495
2024-11-02 11:58:00,1796.3835,1800.0,42.86634,10.151335986067943,1.113494612120504
2024-11-02 11:58:00,1812.9315,1800.0,42.86634,9.945682125930263,1.0909365502516655
2024-11-02 11:58:00,1811.355,1800.0,42.86634,9.234386142796204,1.0129148744909837
2024-11-02 11:58:00,1816.614,1800.0,42.86634,9.276477866940947,1.0175318931882626
2024-11-02 11:58:00,1820.298,1800.0,42.86634,9.954729755778082,1.0919289799280976
2024-11-02 11:58:00,1802.082,1800.0,42.86634,9.810674300826424,1.0761276141615241
2024-11-02 11:58:00,1796.1015000000002,1800.0,42.86634,9.794820316018043,1.0743885990516902
2024-11-02 11:58:00,1806.5745,1800.0,42.86634,9.811848038149375,1.0762563607803872
2024-11-02 11:58:00,1803.606,1800.0,42.86634,9.802014223056293,1.0751776948651064
2024-11-02 11:58:00,1826.97,1800.0,42.86634,11.050377541152574,1.2121099992018787
2024-11-02 11:58:00,1780.2105,1800.0,42.86634,12.175647486594215,1.3355402573619908
2024-11-02 11:58:00,1811.5095,1800.0,42.86634,11.172334160304178,1.2254873554950914
2024-11-02 11:58:00,1788.1395000000002,1800.0,42.86634,11.80335635459617,1.2947038423138626
2024-11-02 11:58:00,1801.3965,1800.0,42.86634,11.702124302092312,1.2835997526460938
2024-11-02 11:58:00,1809.9375,1800.0,42.86634,11.464115401181612,1.2574926836687186
2024-11-02 11:58:00,1783.1925,1800.0,42.86634,12.288631687031348,1.3479334338477411
2024-11-02 11:58:00,1792.9364999999998,1800.0,42.86634,12.420342713379645,1.3623807458465729
2024-11-02 11:58:00,1813.3275,1800.0,42.86634,12.542106942427974,1.3757369989723092
2024-11-02 11:58:00,1806.078,1800.0,42.86634,12.279505542078542,1.3469323918914582
2024-11-02 11:58:00,1811.319,1800.0,42.86634,12.198442744769219,1.3380406570329892
2024-11-02 11:58:00,1822.548,1800.0,42.86634,12.670608633946266,1.3898322807510193
2024-11-02 11:58:00,1809.8265,1800.0,42.86634,12.598171520289585,1.381886692516626
2024-11-02 11:58:00,1776.5114999999998,1800.0,42.86634,14.095406153389089,1.5461175582198783
2024-11-02 11:58:00,1793.4030000000002,1800.0,42.86634,13.953436252504133,1.5305449557628583
2024-11-02 11:58:00,1790.6745,1800.0,42.86634,13.5649405788348,1.4879310732101947
2024-11-02 11:58:00,1805.469,1800.0,42.86634,13.596097372793231,1.4913486452668454
2024-11-02 11:58:00,1798.6260000000002,1800.0,42.86634,13.555128400645035,1.48685478063526
2024-11-02 11:58:00,1811.547,1800.0,42.86634,13.69579687376069,1.5022846301766868
2024-11-02 11:58:00,1816.0545,1800.0,42.86634,14.057352012664547,1.5419434198873667
2024-11-02 11:58:00,1819.0605,1800.0,42.86634,13.42946395536185,1.4730707148778093
2024-11-02 11:58:00,1819.6365,1800.0,42.86634,12.933502686593863,1.4186689887058521
2024-11-02 11:58:00,1791.9734999999998,1800.0,42.86634,13.078160404878068,1.4345364164150889
2024-11-02 11:58:00,1759.2555,1800.0,42.86634,16.06818920485768,1.762511075458174
2024-11-02 11:58:00,1793.85,1800.0,42.86634,16.16250486799548,1.772856510077484
2024-11-02 11:58:00,1801.5195,1800.0,42.86634,16.033768042136412,1.7587354365387593
2024-11-02 11:58:00,1811.0985,1800.0,42.86634,15.626214215981959,1.714031075438417
2024-11-02 11:58:00,1809.3285,1800.0,42.86634,15.542452919853185,1.7048433436884656
2024-11-02 11:58:00,1807.455,1800.0,42.86634,15.392931655793667,1.6884424362457193
2024-11-02 11:58:00,1787.4989999999998,1800.0,42.86634,15.738987272206614,1.7264010916284884
2024-11-02 11:58:00,1804.5285,1800.0,42.86634,15.596172963011968,1.7107358664758388
2024-11-02 11:58:00,1795.605,1800.0,42.86634,14.826442130623475,1.626304503370143
2024-11-02 11:58:00,1797.0929999999998,1800.0,42.86634,14.661350036817083,1.6081956399447375
2024-11-02 11:58:00,1787.976,1800.0,42.86634,13.92024673301412,1.5269044151304016
2024-11-02 11:58:00,1809.6420000000005,1800.0,42.86634,13.983581171656184,1.5338515358134726
2024-11-02 11:58:00,1791.879,1800.0,42.86634,13.93977339474343,1.5290462842063663
2024-11-02 11:58:00,1803.942,1800.0,42.86634,13.917912002616884,1.5266483198024918
2024-11-02 11:58:00,1791.1950000000002,1800.0,42.86634,14.079459230306197,1.5443683487604467
2024-11-02 11:58:00,1806.453,1800.0,42.86634,13.91433827357742,1.5262563193765297
2024-11-02 11:58:00,1807.1235,1800.0,42.86634,13.518178344147486,1.4828017487107887
2024-11-02 11:58:00,1798.752,1800.0,42.86634,12.735821746785712,1.3969854722014836
2024-11-02 11:58:00,1788.9675,1800.0,42.86634,11.913532456396037,1.3067889999627638
2024-11-02 11:58:00,1783.8255,1800.0,42.86634,12.238592802241612,1.3424446953520044
2024-11-02 11:58:00,1792.56,1800.0,42.86634,8.570199503111912,0.9400605974041164
2024-11-02 11:58:00,1794.5745000000002,1800.0,42.86634,8.550954654466624,0.9379496402545341
2024-11-02 11:58:00,1790.0700000000002,1800.0,42.86634,8.723275175431725,0.9568513859868967
2024-11-02 11:58:00,1809.864,1800.0,42.86634,8.629415019669572,0.9465559157278701
2024-11-02 11:58:00,1824.1725,1800.0,42.86634,10.16441519805896,1.11492926388484
2024-11-02 11:58:00,1798.6995000000002,1800.0,42.86634,9.951957883646772,1.0916249347573006
2024-11-02 11:58:00,1800.2219999999998,1800.0,42.86634,9.632005094692767,1.0565294845503361
2024-11-02 11:58:00,1797.723,1800.0,42.86634,9.540887869563612,1.0465348848846439
2024-11-02 11:58:00,1792.584,1800.0,42.86634,9.613056927408039,1.0544510702204333
2024-11-02 11:58:00,1803.924,1800.0,42.86634,9.686522051017436,1.0625094203164305
2024-11-02 11:58:00,1794.3239999999998,1800.0,42.86634,9.41661811863538,1.0329038024046577
2024-11-02 11:58:00,1811.16,1800.0,42.86634,9.512329988112116,1.0434023861501462
2024-11-02 11:58:00,1824.231,1800.0,42.86634,10.873064766834178,1.1926606558706516
2024-11-02 11:58:00,1806.1635,1800.0,42.86634,10.918979606121676,1.1976970300221106
2024-11-02 11:58:00,1806.2325,1800.0,42.86634,10.736859658503157,1.1777203904240119
2024-11-02 11:58:00,1803.1575,1800.0,42.86634,10.68331429142758,1.171847027762733
2024-11-02 11:58:00,1794.171,1800.0,42.86634,10.711701881591281,1.1749608473369988
2024-11-02 11:58:00,1803.4155,1800.0,42.86634,10.71624389503368,1.1754590583609694
2024-11-02 11:58:00,1809.0705,1800.0,42.86634,10.467950428353513,1.1482238808678267
2024-11-02 11:58:00,1794.5834999999995,1800.0,42.86634,9.735263027124772,1.0678557919033327
2024-11-02 11:58:00,1824.0645,1800.0,42.86634,10.549346901837621,1.1571522164873504
2024-11-02 11:58:00,1814.658,1800.0,42.86634,10.548726906818747,1.1570842095655025
2024-11-02 11:58:00,1829.5575,1800.0,42.86634,11.25448579409507,1.234498524244564
2024-11-02 11:58:00,1805.283,1800.0,42.86634,11.24185786305691,1.2331133732464576
2024-11-02 11:58:00,1786.2975,1800.0,42.86634,11.36319567333787,1.2464228527257868
2024-11-02 11:58:00,1811.481,1800.0,42.86634,11.35103005211906,1.2450884122443728
2024-11-02 11:58:00,1800.21,1800.0,42.86634,11.351330445180812,1.2451213621985697
2024-11-02 11:58:00,1789.9364999999998,1800.0,42.86634,11.762328258717528,1.290203492431923
2024-11-02 11:58:00,1800.9989999999998,1800.0,42.86634,11.432212871164095,1.2539933122228055
2024-11-02 11:58:00,1813.3545,1800.0,42.86634,11.551311849031624,1.2670572153727515
2024-11-02 11:58:00,1817.8395,1800.0,42.86634,11.484295529113332,1.2597062311027425
2024-11-02 11:58:00,1801.3515000000002,1800.0,42.86634,11.51985726551249,1.2636069789385402
2024-11-02 11:58:00,1821.651,1800.0,42.86634,11.327260020661535,1.2424810902136356
2024-11-02 11:58:00,1771.9575,1800.0,42.86634,13.734883098075573,1.5065719772059338
2024-11-02 11:58:00,1774.1145,1800.0,42.86634,15.360184727059751,1.6848504431564597
2024-11-02 11:58:00,1795.677,1800.0,42.86634,15.456092354509094,1.6953704994892094
2024-11-02 11:58:00,1803.4185,1800.0,42.86634,15.316271891166453,1.6800336676859966
2024-11-02 11:58:00,1811.223,1800.0,42.86634,15.414634304010196,1.6908229881150514
2024-11-02 11:58:00,1804.869,1800.0,42.86634,15.36810760126742,1.6857194989886037
2024-11-02 11:58:00,1820.1075,1800.0,42.86634,15.635113333772393,1.7150072149067463
2024-11-02 11:58:00,1821.1875,1800.0,42.86634,15.461810132061157,1.6959976794491933
2024-11-02 11:58:00,1785.4335,1800.0,42.86634,15.853019074829254,1.7389091790373734
2024-11-02 11:58:00,1793.2605,1800.0,42.86634,14.726136075916047,1.615301985905144
2024-11-02 11:58:00,1811.235,1800.0,42.86634,14.86645383193042,1.630693365475407
2024-11-02 11:58:00,1805.6385,1800.0,42.86634,14.428929833664082,1.5827015922337755
2024-11-02 11:58:00,1813.431,1800.0,42.86634,14.497477651304152,1.5902205656693502
2024-11-02 11:58:00,1817.394,1800.0,42.86634,14.838312043935808,1.627606507809535
2024-11-02 11:58:00,1830.9825,1800.0,42.86634,15.650243796235427,1.716666867237691
2024-11-02 11:58:00,1837.9725,1800.0,42.86634,17.168784155427563,1.8832347466349066
2024-11-02 11:58:00,1815.9435,1800.0,42.86634,17.22408795605051,1.8893009909310223
2024-11-02 11:58:00,1814.6445,1800.0,42.86634,17.140043584415444,1.880082208780265
2024-11-02 11:58:00,1807.6035,1800.0,42.86634,17.077470478963438,1.8732185983274063
2024-11-02 11:58:00,1803.039,1800.0,42.86634,16.792704270225464,1.8419827452752666
2024-11-02 11:58:00,1796.196,1800.0,42.86634,14.902102417815012,1.6346036397847876
2024-11-02 11:58:00,1810.4445,1800.0,42.86634,12.563289577070925,1.3780605108310255
2024-11-02 11:58:00,1822.65,1800.0,42.86634,12.393105430883933,1.3593931029048552
2024-11-02 11:58:00,1814.532,1800.0,42.86634,12.268048830271187,1.3456757113040343
2024-11-02 11:58:00,1815.624,1800.0,42.86634,12.294907692417747,1.348621845520154
2024-11-02 11:58:00,1812.0135,1800.0,42.86634,12.176689554331585,1.3356545612144706
2024-11-02 11:58:00,1803.591,1800.0,42.86634,12.191279102911222,1.3372548809909997
2024-11-02 11:58:00,1805.07,1800.0,42.86634,12.058992024842832,1.3227443821872484
2024-11-02 11:58:00,1823.457,1800.0,42.86634,10.77218553042542,1.1815952664115554
2024-11-02 11:58:00,1809.3089999999995,1800.0,42.86634,9.798837578612444,1.0748292504359491
2024-11-02 11:58:00,1831.743,1800.0,42.86634,10.586470745219138,1.1612243110021274
2024-11-02 11:58:00,1800.2685,1800.0,42.86634,10.888546087151225,1.1943587936118516
2024-11-02 11:58:00,1818.5895,1800.0,42.86634,10.928016547137572,1.1986882872462892
2024-11-02 11:58:00,1827.462,1800.0,42.86634,11.291600476823007,1.238569613932152
2024-11-02 11:58:00,1807.7954999999995,1800.0,42.86634,10.747631647645425,1.1789019641487117
2024-11-02 11:58:00,1810.3575,1800.0,42.86634,9.146505102284728,1.0032752501842548
2024-11-02 11:58:00,1784.7675,1800.0,42.86634,11.000452122136005,1.2066337067060826
2024-11-02 11:58:00,1782.6585,1800.0,42.86634,12.639322938722811,1.386400569583586
2024-11-02 11:58:00,1805.9805,1800.0,42.86634,12.656383034153977,1.388271882322218
2024-11-02 11:58:00,1821.573,1800.0,42.86634,12.85257369052459,1.4097919304338045
2024-11-02 11:58:00,1806.6885,1800.0,42.86634,12.458799013357,1.3665989968123218
2024-11-02 11:58:00,1794.9165000000005,1800.0,42.86634,12.95153373776632,1.4206468050601677
2024-11-02 11:58:00,1816.3365,1800.0,42.86634,12.700261784780308,1.3930849189979868
2024-11-02 11:58:00,1803.4605,1800.0,42.86634,12.716935173224156,1.3949138140541153
2024-11-02 11:58:00,1825.902,1800.0,42.86634,13.19389516724264,1.4472313005667772
2024-11-02 11:58:00,1825.6725,1800.0,42.86634,13.670468243529049,1.4995063462804556
2024-11-02 11:58:00,1816.29,1800.0,42.86634,13.638312437663485,1.4959791931423034
2024-11-02 11:58:00,1822.9005,1800.0,42.86634,13.817729213313033,1.515659323253649
2024-11-02 11:58:00,1841.577,1800.0,42.86634,15.15151145775681,1.661961183912032
2024-11-02 11:58:00,1824.558,1800.0,42.86634,15.353561964463797,1.6841239958712877
2024-11-02 11:58:00,1811.6955,1800.0,42.86634,14.74029940869007,1.6168555542980323
2024-11-02 11:58:00,1790.4315,1800.0,42.86634,15.321608138506265,1.6806189978011636
2024-11-02 11:58:00,1813.4625,1800.0,42.86634,15.247927413429288,1.6725369984955605
2024-11-02 11:58:00,1814.292,1800.0,42.86634,14.810614889504695,1.6245684217613103
2024-11-02 11:58:00,1859.5005,1800.0,42.86634,18.30916782932932,2.0083228215821376
2024-11-02 11:58:00,1776.7305,1800.0,42.26705,20.085380503842895,2.20315463936114
2024-11-02 11:58:00,1791.78,1800.0,42.26705,19.64183670414853,2.154502557322189
2024-11-02 11:58:00,1773.5280000000002,1800.0,42.26705,20.456739396768747,2.243888797604299
2024-11-02 11:58:00,1754.5545,1800.0,43.46986,24.13623234235598,2.647490409832462
2024-11-02 11:58:00,1751.8725,1800.0,48.336,27.117613480558216,2.9745165114827308
2024-11-02 11:58:00,1844.0295,1800.0,48.9148,28.434933789579475,3.1190126712537416
2024-11-02 11:58:00,1833.7185,1800.0,48.32386,28.839488100826994,3.1633880171690456
2024-11-02 11:58:00,1862.433,1800.0,47.99815,31.15408072700401,3.417274443747687
2024-11-02 11:58:00,1817.0865,1800.0,47.79003,31.10831615818035,3.412254552682993
2024-11-02 11:58:00,1845.3345,1800.0,46.68713,31.840485139483746,3.492565776443293
2024-11-02 11:58:00,1863.0915,1800.0,46.23912,33.63756908274744,3.6896869525228455
2024-11-02 11:58:00,1836.174,1800.0,43.94547,33.956249232408375,3.724642807606769
2024-11-02 11:58:00,1811.643,1800.0,42.7851,33.936776539190376,3.72250685830793
2024-11-02 11:58:00,1823.3235,1800.0,42.7851,33.45114764236572,3.669238484485369
2024-11-02 11:58:00,1836.399,1800.0,42.7851,33.73352086905427,3.700211852617042
2024-11-02 11:58:00,1858.953,1800.0,42.7851,35.0773411829206,3.847614783738805
2024-11-02 11:58:00,1843.6635,1800.0,42.7851,34.90116521354236,3.8282901359331363
2024-11-02 11:58:00,1790.2290000000005,1800.0,42.10537,35.53145400474464,3.8974261761594557
2024-11-02 11:58:00,1761.9915,1800.0,42.10537,37.781809362371874,4.144266451125572
2024-11-02 11:58:00,1761.8295000000005,1800.0,43.32838,38.281251992910065,4.199050046007153
2024-11-02 11:58:00,1761.8295000000005,1800.0,43.32838,39.13756706877818,4.292978788447098
2024-11-03 12:02:00,1761.8295000000005,1800.0,43.32838,40.469017952097744,4.439024923351325
2024-11-03 01:04:00,1839.1695,1800.0,48.07695,40.042660044434285,4.392257952612716
2024-11-03 01:06:00,1828.923,1800.0,48.07695,37.71938895011769,4.137419589507873
2024-11-03 01:10:00,1821.141,1800.0,48.07695,34.49851702899433,3.7841238720354915
2024-11-03 01:14:00,1824.195,1800.0,46.90407,34.057887597468536,3.735791465481412
2024-11-03 01:16:00,1839.5775,1800.0,46.90407,34.214650997807894,3.752986758977276
2024-11-03 01:18:00,1844.8725,1800.0,45.60475,33.26546252195867,3.6488707829918945
2024-11-03 01:20:00,1856.766,1800.0,44.90401,34.33872360051121,3.7665962163739692
2024-11-03 01:24:00,1863.5205,1800.0,43.91854,35.25813383695914,3.8674458332143784
2024-11-03 01:26:00,1794.306,1800.0,42.68648,34.32555419010363,3.7651516707935877
2024-11-03 01:30:00,1796.3175,1800.0,42.68648,34.37286140159749,3.7703407735072747
2024-11-03 01:34:00,1788.4094999999998,1800.0,42.68648,34.91701058012453,3.830028205714349
2024-11-03 01:36:00,1785.0945000000002,1800.0,43.22294,35.47142075601042,3.8908411612308407
2024-11-03 01:38:00,1794.123,1800.0,43.22294,35.25957974116601,3.867604433673096
2024-11-03 01:42:00,1801.428,1800.0,43.22294,33.42662868779296,3.666549013478887
2024-11-03 01:46:00,1797.21,1800.0,43.22294,32.413813765315254,3.555453886610664
2024-11-03 01:48:00,1787.2844999999998,1800.0,43.22294,32.494073991552135,3.564257587877669
2024-11-03 01:52:00,1770.0645,1800.0,43.22294,31.971208591276003,3.5069047619175446
2024-11-03 01:56:00,1780.947,1800.0,43.22294,30.850559217091398,3.383981331746053
2024-11-03 01:58:00,1780.7219999999998,1800.0,43.22294,29.66598943451849,3.2540465061835904
2024-11-03 02:00:00,1812.693,1800.0,49.18866,27.62831404197428,3.030534982777953
2024-11-03 02:04:00,1824.4425,1800.0,49.18866,27.008765563421427,2.9625770416987836
2024-11-03 02:08:00,1789.1055,1800.0,49.18866,26.977104112367098,2.959104114075336
2024-11-03 02:10:00,1797.6420000000005,1800.0,49.18866,26.86832285762577,2.9471719564538748
2024-11-03 02:14:00,1809.093,1800.0,49.18866,26.55332692848676,2.9126202215474986
2024-11-03 02:16:00,1821.7709999999995,1800.0,49.18866,25.63977613359719,2.8124133237161164
2024-11-03 02:18:00,1821.387,1800.0,49.18866,24.205119953769938,2.6550466550652634
2024-11-03 02:22:00,1810.053,1800.0,49.18866,20.824212573982813,2.2841967337703606
2024-11-03 02:24:00,1789.884,1800.0,49.18866,14.910759304045696,1.635553209002951
2024-11-03 02:28:00,1817.769,1800.0,49.18866,15.547464534772566,1.7053930650471532
2024-11-03 02:30:00,1825.872,1800.0,49.18866,16.666164816702423,1.8281027003322212
2024-11-03 02:36:00,1824.321,1800.0,49.18866,17.24774845586535,1.8918962984944856
2024-11-03 02:38:00,1829.961,1800.0,49.18866,17.83479156113157,1.9562887425721467
2024-11-03 02:40:00,1828.989,1800.0,49.18866,18.481143965149005,2.0271867918921873
2024-11-03 02:46:00,1794.0359999999998,1800.0,49.18866,18.651196293720275,2.0458397408146274
2024-11-03 02:48:00,1824.1995,1800.0,49.18866,18.980928648234396,2.0820079063346317
2024-11-03 02:50:00,1803.414,1800.0,49.18866,18.433388398572916,2.0219485093494542
2024-11-03 02:54:00,1827.2745,1800.0,49.18866,16.615705075872985,1.8225677983626982
2024-11-03 02:56:00,1830.882,1800.0,49.18866,15.635764664028496,1.715078658973998
2024-11-03 02:58:00,1813.3425,1800.0,49.18866,13.647162245289415,1.4969499238050752
2024-11-03 03:04:00,1813.1835,1800.0,49.18866,13.643604349558029,1.4965596601262037
2024-11-03 03:08:00,1828.284,1800.0,49.18866,13.81203614250561,1.5150348533632638
2024-11-03 03:12:00,1808.9475,1800.0,49.18866,12.503004284729803,1.3714478493740432
2024-11-03 03:14:00,1794.294,1800.0,49.18866,12.7812636409615,1.4019699692567218
2024-11-03 03:18:00,1801.6665000000005,1800.0,49.18866,13.091939505802223,1.4360478386219755
2024-11-03 03:20:00,1815.018,1800.0,49.18866,13.007869555930998,1.426826250808182
2024-11-03 03:22:00,1805.6295,1800.0,49.18866,13.08648103505441,1.4354491018865894
2024-11-03 03:26:00,1798.5435,1800.0,49.18866,13.530949182772368,1.4842025751656103
2024-11-03 03:32:00,1840.869,1800.0,49.18866,13.595511043603002,1.4912843311317263
2024-11-03 03:36:00,1839.5325,1800.0,49.18866,14.554343933278581,1.5964581977087935
2024-11-03 03:38:00,1830.6975,1800.0,48.6597,14.740757759654606,1.6169058305700592
2024-11-03 03:40:00,1854.6825,1800.0,48.6597,16.872686672836583,1.8507559722174312
2024-11-03 03:42:00,1829.8334999999995,1800.0,48.6597,16.86841939830809,1.8502878971579084
2024-11-03 03:46:00,1831.2,1800.0,48.6597,16.94326369635016,1.8584975281594005
2024-11-03 03:48:00,1835.775,1800.0,47.34989,16.2260673397153,1.7798286435868287
2024-11-03 03:50:00,1831.0725,1800.0,47.34989,16.36150895562741,1.7946851619585986
2024-11-03 03:52:00,1832.7075,1800.0,46.83052,15.943562248449592,1.7488408113002505
2024-11-03 03:56:00,1854.504,1800.0,46.09664,17.40772673835217,1.9094442306927546
2024-11-03 04:00:00,1817.3505,1800.0,45.54995,17.410946723153586,1.909797429102541
2024-11-03 04:04:00,1826.8215,1800.0,45.54995,17.24260083787762,1.8913316590320095
2024-11-03 04:06:00,1841.133,1800.0,45.54995,17.406383087814476,1.90929684638429
2024-11-03 04:08:00,1840.4685,1800.0,45.54995,17.70386686445508,1.9419276826542342
2024-11-03 04:12:00,1833.612,1800.0,45.54995,17.267772449436485,1.8940927196340478
2024-11-03 04:14:00,1809.9525,1800.0,45.54995,15.976771653234142,1.7524835331400237
2024-11-03 04:20:00,1813.7805,1800.0,45.54995,15.109915414148979,1.6573985361475982
2024-11-03 04:22:00,1825.7805,1800.0,45.54995,14.767554008872501,1.6198450968075389
2024-11-03 04:24:00,1830.6555,1800.0,45.54995,13.637943380402124,1.4959387114487948
2024-11-03 04:28:00,1811.487,1800.0,45.54995,12.256390711597541,1.3443969385052243
2024-11-03 04:30:00,1821.078,1800.0,44.90699,12.26722174446928,1.345584988705014
2024-11-03 04:34:00,1853.4165000000005,1800.0,44.90699,13.159350977099807,1.4434421668353254
2024-11-03 04:38:00,1846.221,1800.0,44.90699,13.573218467559268,1.4888390703947108
2024-11-03 04:40:00,1827.5085,1800.0,44.35396,12.509643523874983,1.372176103963083
2024-11-03 04:44:00,1799.667,1800.0,42.42559,14.310849366333787,1.5697494089596327
2024-11-03 04:46:00,1807.197,1800.0,42.42559,15.118814086276302,1.6583746267313795
2024-11-03 04:50:00,1795.9364999999998,1800.0,42.42559,16.59423696251738,1.8202129724967562
2024-11-03 04:52:00,1800.231,1800.0,42.42559,17.507646386850954,1.9204043634675014
2024-11-03 04:54:00,1798.002,1800.0,42.42559,18.34850853546737,2.012638082586389
2024-11-03 04:58:00,1808.8005,1800.0,42.42559,16.979273314892165,1.8624474039477759
2024-11-03 05:00:00,1802.877,1800.0,42.42559,17.4212393868384,1.9109264258743097
2024-11-03 05:04:00,1793.16,1800.0,42.42559,18.303868259893218,2.0077415146466016
2024-11-03 05:08:00,1793.904,1800.0,42.42559,18.215245370489477,1.998020517331859
2024-11-03 05:12:00,1809.6345,1800.0,42.42559,17.288675141983983,1.8963855247941166
2024-11-03 05:16:00,1782.489,1800.0,42.42559,18.022698165510363,1.976900117453719
2024-11-03 05:20:00,1800.69,1800.0,42.42559,18.18523738785384,1.9947289577744522
2024-11-03 05:22:00,1796.634,1800.0,42.42559,18.45566384357967,2.0243918909921907
2024-11-03 05:24:00,1811.0715,1800.0,42.42559,18.09452261661007,1.9847785030600866
2024-11-03 05:30:00,1801.4250000000002,1800.0,42.42559,17.468291933642345,1.9160875945544364
2024-11-03 05:32:00,1761.141,1800.0,42.42559,20.34149692093117,2.231247912098324
2024-11-03 05:36:00,1801.2405,1800.0,42.42559,20.025900023980206,2.1966302573542453
2024-11-03 05:38:00,1810.068,1800.0,42.42559,16.49453527256765,1.809276747478621
2024-11-03 05:42:00,1809.3375,1800.0,42.42559,13.035936580810954,1.4299049077480146
2024-11-03 05:44:00,1811.598,1800.0,42.42559,11.723661767873086,1.2859621857424406
2024-11-03 05:46:00,1808.976,1800.0,42.42559,11.903389961758512,1.3056764751534335
2024-11-03 05:48:00,1801.5615,1800.0,42.42559,11.795770061294606,1.2938717058611977
2024-11-03 05:54:00,1798.9140000000002,1800.0,42.42559,11.761336576508029,1.290094715341033
2024-11-03 05:56:00,1792.971,1800.0,42.42559,11.868232594115097,1.301820082310067
2024-11-03 05:58:00,1774.131,1800.0,42.42559,13.178580892978175,1.4455514860176952
2024-11-03 06:02:00,1784.5770000000002,1800.0,42.42559,13.29769899019026,1.4586174863583141
2024-11-03 06:06:00,1806.549,1800.0,42.42559,13.40339116445494,1.4702108043953237
2024-11-03 06:08:00,1790.5905000000002,1800.0,42.42559,13.459414826673163,1.476356009924612
2024-11-03 06:12:00,1791.6525,1800.0,42.42559,13.499332303450082,1.4807345365915994
2024-11-03 06:14:00,1804.215,1800.0,42.42559,13.290698402113732,1.4578495955983604
2024-11-03 06:20:00,1789.6125000000002,1800.0,42.42559,12.97325003661974,1.4230288542605558
2024-11-03 06:22:00,1779.4515,1800.0,42.42559,13.542042935658623,1.4854194429832055
2024-11-03 06:24:00,1796.0205,1800.0,42.42559,13.541907650814775,1.4854046036610773
2024-11-03 06:26:00,1778.3235,1800.0,42.42559,13.635638097591237,1.4956858462108735
2024-11-03 06:30:00,1786.4115000000002,1800.0,42.42559,13.654411815087153,1.4977451252367933
2024-11-03 06:34:00,1801.818,1800.0,42.42559,11.3599123223389,1.2460627037116991
2024-11-03 06:36:00,1798.485,1800.0,42.42559,11.308337475278213,1.2404054863363871
2024-11-03 06:38:00,1780.203,1800.0,42.42559,11.291791497276265,1.238590566863451
2024-11-03 06:42:00,1783.8345,1800.0,42.42559,10.935053912320083,1.199460212067318
2024-11-03 06:46:00,1791.417,1800.0,42.42559,10.020973880453417,1.0991952625151242
2024-11-03 06:48:00,1776.5085,1800.0,42.42559,9.749889484002015,1.0694601601312759
2024-11-03 06:52:00,1789.9499999999998,1800.0,42.42559,9.386872914769041,1.029641066909837
2024-11-03 06:54:00,1790.7495,1800.0,42.42559,9.14318925256182,1.0029115364025294
2024-11-03 06:56:00,1790.3775,1800.0,42.42559,9.107805332277579,0.9990302931212235
2024-11-03 07:00:00,1779.1275,1800.0,42.42559,8.73222719285486,0.9578333279876293
2024-11-03 07:02:00,1772.331,1800.0,42.42559,9.491464724758101,1.0411136865782813
2024-11-03 07:08:00,1802.367,1800.0,42.42559,9.120575383526722,1.0004310332092217
2024-11-03 07:10:00,1800.879,1800.0,42.42559,9.51603738638546,1.0438090486828433
2024-11-03 07:14:00,1781.58,1800.0,42.42559,9.644343417954154,1.057882868626384
2024-11-03 07:16:00,1780.1775000000002,1800.0,42.42559,9.08865424217736,0.9969296202962777
2024-11-03 07:18:00,1764.7379999999998,1800.0,42.42559,10.390390285729831,1.1397163503274828
2024-11-03 07:20:00,1768.8239999999998,1800.0,42.42559,11.009032162498603,1.2075748467420975
2024-11-03 07:24:00,1769.0085,1800.0,42.42559,11.329326025719908,1.2427077092029264
2024-11-03 07:26:00,1786.5884999999998,1800.0,42.42559,11.248167748440107,1.2338055011975892
2024-11-03 07:30:00,1795.1565,1800.0,42.42559,11.482909062565412,1.2595541503290282
2024-11-03 07:34:00,1751.598,1800.0,42.42559,13.043905657522332,1.4307790315080668
2024-11-03 07:36:00,1795.7685,1800.0,42.42559,12.883995561011385,1.413238578593004
2024-11-03 07:40:00,1783.899,1800.0,42.42559,12.874924333976955,1.4122435605537997
2024-11-03 07:42:00,1787.8935,1800.0,42.42559,12.924913196200311,1.4177268121009985
2024-11-03 07:44:00,1803.375,1800.0,42.42559,13.59649341995125,1.4913920874676756
2024-11-03 07:46:00,1778.304,1800.0,42.42559,13.553448055062448,1.4866704644274942
2024-11-03 07:48:00,1767.7305,1800.0,42.42559,13.914390602721658,1.5262620593323588
2024-11-03 07:54:00,1788.3255,1800.0,42.42559,13.849374140252316,1.5191304383557598
2024-11-03 07:56:00,1785.8955,1800.0,42.42559,13.749437647939924,1.5081684579921117
2024-11-03 07:58:00,1779.6104999999998,1800.0,42.42559,13.744220183325984,1.5075961570905825
2024-11-03 08:02:00,1777.7055,1800.0,42.42559,13.592762034384297,1.4909827937815787
2024-11-03 08:04:00,1775.0865,1800.0,42.42559,12.839047003508007,1.4083081953733676
2024-11-03 08:06:00,1781.835,1800.0,42.42559,11.972453804699793,1.313252051128162
2024-11-03 08:10:00,1775.898,1800.0,42.42559,12.004232849527488,1.3167378775496834
2024-11-03 08:12:00,1764.6405,1800.0,42.42559,12.476781977902291,1.3685715385702362
2024-11-03 08:18:00,1769.8635000000002,1800.0,43.00666,12.21630710447367,1.3400001890893796
2024-11-03 08:20:00,1770.3525,1800.0,43.55176,12.151598437758016,1.3329023300642948
2024-11-03 08:22:00,1792.518,1800.0,43.55176,12.227603826125927,1.3412393204423045
2024-11-03 08:24:00,1797.6165,1800.0,43.55176,12.749284474132885,1.3984621915600093
2024-11-03 08:26:00,1807.0965,1800.0,43.55176,13.684730084919256,1.5010707200307392
2024-11-03 08:28:00,1817.1735,1800.0,43.55176,13.933596054720601,1.5283686950848856
2024-11-03 08:34:00,1831.6605,1800.0,43.55176,17.29538471522615,1.8971214942926173
2024-11-03 08:36:00,1815.8055,1800.0,43.55176,18.44472082030797,2.0231915566253575
2024-11-03 08:40:00,1824.5865,1800.0,43.55176,20.13692084304538,2.208808071587952
2024-11-03 08:44:00,1828.2945,1800.0,43.55176,21.701670092116952,2.380444579388703
2024-11-03 08:46:00,1817.34,1800.0,42.97821,22.20202910802007,2.4353286920905868
2024-11-03 08:50:00,1821.543,1800.0,42.97821,22.181569163966508,2.4330844517758936
2024-11-03 08:52:00,1757.6475,1800.0,41.85831,23.755457083020335,2.6057233753967064
2024-11-03 08:54:00,1789.7565,1800.0,41.85831,23.696539215720207,2.599260706060733
2024-11-03 08:58:00,1772.1645,1800.0,41.85831,24.004263831487194,2.633014854494363
2024-11-03 09:00:00,1751.6745,1800.0,41.85831,25.61074182904057,2.8092285663861616
2024-11-03 09:06:00,1785.1965,1800.0,41.85831,25.334188238261266,2.778893551003166
2024-11-03 09:08:00,1772.2725,1800.0,42.57045,25.656752689624046,2.8142754730621933
2024-11-03 09:12:00,1765.188,1800.0,43.08987,26.143052935475303,2.867617486800229
2024-11-03 09:14:00,1758.381,1800.0,43.66767,26.53023808009287,2.910087618122496
2024-11-03 09:18:00,1750.9785,1800.0,43.66767,27.682127167316395,3.0364377157002056
2024-11-03 09:20:00,1771.9545000000005,1800.0,43.66767,27.62038313898481,3.0296650462730295
2024-11-03 09:22:00,1766.3445000000002,1800.0,43.66767,28.181107989456585,3.091170655065734
2024-11-03 09:28:00,1777.7445,1800.0,43.66767,28.253625059967387,3.099125013724669
2024-11-03 09:30:00,1774.5945000000002,1800.0,43.66767,28.100763877944257,3.0823577524677535
2024-11-03 09:34:00,1769.3579999999995,1800.0,43.66767,27.471654660800848,3.0133510990887364
2024-11-03 09:36:00,1753.2345,1800.0,44.97681,26.03939325910564,2.8562471123696924
2024-11-03 09:38:00,1760.2605,1800.0,46.17485,25.099738094927893,2.753176840240082
2024-11-03 09:40:00,1759.128,1800.0,46.17485,22.93845825671824,2.5161072113327156
2024-11-03 09:44:00,1769.9235,1800.0,46.17485,19.235700217454323,2.109953663428793
2024-11-03 09:46:00,1774.8315,1800.0,46.86485,16.078916384913477,1.7636877340981572
2024-11-03 09:52:00,1770.9765000000002,1800.0,46.86485,10.611635733851006,1.1639846451388474
2024-11-03 09:54:00,1771.3785000000005,1800.0,47.39216,10.376752212114274,1.1382203973306093
2024-11-03 09:56:00,1778.466,1800.0,47.39216,9.408034341506639,1.031962252484764
2024-11-03 10:00:00,1872.1815,1800.0,46.64796,25.212244388441043,2.765517595371079
2024-11-03 10:04:00,1817.2455,1800.0,42.75865,26.561049429020166,2.913467298498537
2024-11-03 10:06:00,1801.824,1800.0,42.75865,27.119014836853847,2.974670225504904
2024-11-03 10:10:00,1806.951,1800.0,42.75865,27.910487113407015,3.0614863959867233
2024-11-03 10:12:00,1806.975,1800.0,42.75865,28.417259727186337,3.1170740128075978
2024-11-03 10:16:00,1832.7705,1800.0,42.75865,30.165524055622548,3.308840191461116
2024-11-03 10:20:00,1822.536,1800.0,42.75865,30.241868795937343,3.317214405172585
2024-11-03 10:22:00,1817.7315,1800.0,42.75865,30.697692955696816,3.367213513335601
2024-11-03 10:24:00,1810.482,1800.0,42.75865,30.476459369706856,3.342946519675061
2024-11-03 10:26:00,1816.278,1800.0,42.75865,30.71629567050644,3.3692540351683693
2024-11-03 10:30:00,1837.0515,1800.0,42.75865,31.758653999335525,3.483589762469982
2024-11-03 10:34:00,1808.5155,1800.0,42.75865,31.134651933135668,3.4151433097450203
2024-11-03 10:38:00,1788.1935,1800.0,42.75865,29.33347259486679,3.2175729119788805
2024-11-03 10:40:00,1818.6735,1800.0,42.75865,27.91814037555199,3.0623258782159852
2024-11-03 10:44:00,1805.6325,1800.0,42.75865,25.833716773096114,2.833686568681078
2024-11-03 10:46:00,1809.4125,1800.0,42.75865,24.363875465357903,2.6724604621779675
2024-11-03 10:48:00,1811.172,1800.0,42.75865,23.047766525596757,2.528097176852869
2024-11-03 10:52:00,1822.299,1800.0,42.75865,21.233910413146152,2.3291362705103413
2024-11-03 10:54:00,1820.9475,1800.0,42.75865,18.912025481765806,2.0744499548762114
2024-11-03 10:56:00,1794.4499999999998,1800.0,42.75865,17.564754363925903,1.9266685069131848
2024-11-03 10:58:00,1839.3645,1800.0,42.75865,12.981611515476839,1.4239460204019894
2024-11-03 11:06:00,1812.1455,1800.0,42.75865,12.97338514083539,1.4230436737696732
2024-11-03 11:08:00,1804.4535,1800.0,42.75865,12.854459014899705,1.4099987306556347
2024-11-03 11:10:00,1815.801,1800.0,42.75865,12.739915133875968,1.397434473640957
2024-11-03 11:14:00,1809.0285,1800.0,42.75865,12.68214871412476,1.3910981059704612
2024-11-03 11:16:00,1809.333,1800.0,42.75865,12.003473251629572,1.3166545576627373
2024-11-03 11:18:00,1811.502,1800.0,42.75865,11.827048138081144,1.297302581366363
2024-11-03 11:20:00,1796.6625,1800.0,42.75865,12.322917639396312,1.3516942416155269
2024-11-03 11:26:00,1810.605,1800.0,42.75865,12.322114123437945,1.3516061043800318
2024-11-03 11:28:00,1813.2105,1800.0,42.75865,12.286097295075328,1.3476554377502912
2024-11-03 11:30:00,1810.0695,1800.0,42.75865,10.769329118618694,1.181281948129001
2024-11-03 11:36:00,1836.0375,1800.0,42.75865,12.16096716015516,1.333929980210639
2024-11-03 11:38:00,1812.7245,1800.0,42.75865,10.7997303285941,1.1846166405828829
2024-11-03 11:40:00,1798.623,1800.0,42.75865,11.186280427379534,1.2270171140676491
2024-11-03 11:42:00,1811.655,1800.0,42.75865,11.081498932281425,1.2155236879410978
2024-11-03 11:44:00,1820.6415,1800.0,42.75865,11.201985202906945,1.2287397624912983
2024-11-03 11:50:00,1797.8925,1800.0,42.75865,11.700755983672392,1.2834496625308287
2024-11-03 11:52:00,1804.125,1800.0,42.75865,11.594485966681036,1.271792961234346
2024-11-03 11:54:00,1796.025,1800.0,42.75865,11.857840959594117,1.3006802294802409
2024-11-03 11:56:00,1818.9825,1800.0,42.75865,11.401014889726879,1.2505712223336467
2024-11-03 11:58:00,1801.1625,1800.0,42.75865,9.522473672429669,1.044515041454842
2024-11-03 11:58:00,1804.836,1800.0,42.75865,9.557175381652979,1.0483214533699394
2024-11-03 11:58:00,1787.1825,1800.0,42.75865,10.715684242067123,1.1753976703265498
2024-11-03 11:58:00,1791.954,1800.0,42.75865,11.155413858982362,1.223631376697507
2024-11-03 11:58:00,1790.0955,1800.0,42.75865,11.770639098014827,1.2911151039471407
2024-11-03 11:58:00,1799.2965,1800.0,42.75865,11.842239349822538,1.2989688972531426
2024-11-03 11:58:00,1826.2815,1800.0,42.75865,12.658691565665835,1.3885251039084106
2024-11-03 11:58:00,1799.3325,1800.0,42.75865,12.564286245751635,1.3781698348852744
2024-11-03 11:58:00,1805.5095,1800.0,42.75865,12.529060100529776,1.3743058978661327
2024-11-03 11:58:00,1824.648,1800.0,42.75865,13.109534593164996,1.4379778343393006
2024-11-03 11:58:00,1791.9450000000002,1800.0,42.75865,13.4962802770189,1.4803997614455657
2024-11-03 11:58:00,1811.7945,1800.0,42.75865,11.608153218074246,1.2732921147260363
2024-11-03 11:58:00,1775.853,1800.0,42.75865,13.10408423624093,1.437379987604899
2024-11-03 11:58:00,1791.9765000000002,1800.0,42.75865,13.30084176194964,1.458962215310838
2024-11-03 11:58:00,1822.1910000000005,1800.0,42.75865,13.876245891435294,1.522077986363387
2024-11-03 11:58:00,1798.4009999999998,1800.0,42.75865,13.273413422365728,1.4559536154193544
2024-11-03 11:58:00,1810.4955,1800.0,42.75865,13.368258639383457,1.4663571365203785
2024-11-03 11:58:00,1810.1685,1800.0,42.75865,13.4723380027607,1.4777735461941934
2024-11-03 11:58:00,1806.213,1800.0,42.75865,13.390808017662192,1.4688305657571308
2024-11-03 11:58:00,1822.71,1800.0,42.75865,13.64244387282279,1.4964323680541105
2024-11-03 11:58:00,1791.183,1800.0,42.75865,13.91613336355348,1.5264532218354137
2024-11-03 11:58:00,1830.8505,1800.0,42.75865,15.239459056981783,1.6716081090084274
2024-11-03 11:58:00,1807.3695,1800.0,42.75865,14.697684182315706,1.6121811129213235
2024-11-03 11:58:00,1799.784,1800.0,42.75865,14.421995893770374,1.5819410120773305
2024-11-03 11:58:00,1832.196,1800.0,42.75865,15.06645899524146,1.6526318248120673
2024-11-03 11:58:00,1804.3665,1800.0,42.75865,14.95615489997782,1.6405326276286172
2024-11-03 11:58:00,1813.689,1800.0,42.75865,14.40830212547094,1.580438949960386
2024-11-03 11:58:00,1834.224,1800.0,42.75865,15.438531945138484,1.6934443075822878
2024-11-03 11:58:00,1798.7804999999998,1800.0,42.75865,15.597493774642574,1.710880745596806
2024-11-03 11:58:00,1809.237,1800.0,42.75865,15.15513901167466,1.6623590883601014
2024-11-03 11:58:00,1797.8325,1800.0,42.75865,14.87801308579013,1.6319612938456813
2024-11-03 11:58:00,1827.66,1800.0,42.75865,15.475791541613747,1.6975312927812733
2024-11-03 11:58:00,1825.4715,1800.0,42.75865,13.71568816363027,1.5044664951182378
2024-11-03 11:58:00,1816.362,1800.0,42.75865,12.92756637404038,1.4180178377585049
2024-11-03 11:58:00,1803.4635,1800.0,42.75865,12.90190841031895,1.415203429448012
2024-11-03 11:58:00,1826.802,1800.0,42.75865,12.886675675074363,1.413532558870387
2024-11-03 11:58:00,1823.796,1800.0,42.75865,13.068474464887316,1.4334739708406516
2024-11-03 11:58:00,1821.3045,1800.0,42.75865,13.128887419789562,1.4401006355356487
2024-11-03 11:58:00,1817.409,1800.0,42.75865,12.98747842700909,1.4245895587884556
2024-11-03 11:58:00,1822.383,1800.0,42.75865,12.977761181097677,1.423523679284333
2024-11-03 11:58:00,1806.864,1800.0,42.75865,11.876877515284379,1.3027683390870481
2024-11-03 11:58:00,1816.8135,1800.0,42.75865,11.355961014742046,1.2456292868958274
2024-11-03 11:58:00,1836.0705,1800.0,42.75865,12.091936612879664,1.326358056419673
2024-11-03 11:58:00,1814.0805,1800.0,42.75865,11.4428723545671,1.2551625452531696
2024-11-03 11:58:00,1814.379,1800.0,42.75865,10.915018471994513,1.1972625353393875
2024-11-03 11:58:00,1797.663,1800.0,42.75865,11.400926736911948,1.2505615528985496
2024-11-03 11:58:00,1816.695,1800.0,42.75865,11.385687945718242,1.2488900180471063
2024-11-03 11:58:00,1809.783,1800.0,42.75865,10.656188298474966,1.1688715921114445
2024-11-03 11:58:00,1830.228,1800.0,42.75865,10.432597283301877,1.144346013305317
2024-11-03 11:58:00,1808.6955,1800.0,42.75865,10.453706809694738,1.1466615059592027
2024-11-03 11:58:00,1810.989,1800.0,42.75865,9.582382529620148,1.0510864119415884
2024-11-03 11:58:00,1809.273,1800.0,42.75865,9.421408706366787,1.0334292794093725
2024-11-03 11:58:00,1810.788,1800.0,42.75865,9.250006228442775,1.014628233326923
2024-11-03 11:58:00,1802.1765,1800.0,42.75865,9.727473156332076,1.067001325144604
2024-11-03 11:58:00,1813.083,1800.0,42.75865,9.358752429504678,1.0265565459290464
2024-11-03 11:58:00,1796.9565,1800.0,42.75865,9.82361915898919,1.0775475287263347
2024-11-03 11:58:00,1821.5535,1800.0,42.75865,9.717810479512828,1.0659414312950002
2024-11-03 11:58:00,1831.329,1800.0,42.75865,10.35936863026391,1.1363136015397595
2024-11-03 11:58:00,1818.4964999999995,1800.0,42.75865,10.379046678154031,1.1384720760826939
2024-11-03 11:58:00,1812.75,1800.0,42.75865,10.21199257722541,1.1201480011459615
2024-11-03 11:58:00,1786.875,1800.0,42.75865,11.795654072132928,1.2938589830721214
2024-11-03 11:58:00,1795.3484999999998,1800.0,42.75865,12.385835140763756,1.3585956286720566
2024-11-03 11:58:00,1791.732,1800.0,42.75865,11.77758780422303,1.291877303812721
2024-11-03 11:58:00,1768.0785,1800.0,42.75865,14.934406886427482,1.6381470996600953
2024-11-03 11:58:00,1799.0145000000002,1800.0,42.75865,14.94862799689372,1.6397070056571246
2024-11-03 11:58:00,1780.611,1800.0,42.75865,15.937292841503595,1.7481531234072345
2024-11-03 11:58:00,1781.3535,1800.0,42.75865,16.60211034102997,1.8210765991725937
2024-11-03 11:58:00,1775.1135000000002,1800.0,42.75865,17.733093334886146,1.9451335185561247
2024-11-03 11:58:00,1796.4675,1800.0,42.75865,16.490181978089762,1.80879923693688
2024-11-03 11:58:00,1783.2345,1800.0,42.75865,16.806729355795376,1.843521149406315
2024-11-03 11:58:00,1797.531,1800.0,42.75865,16.58035079820673,1.818689806564297
2024-11-03 11:58:00,1793.9685,1800.0,42.75865,16.41360187859767,1.8003992068031989
2024-11-03 11:58:00,1798.1295,1800.0,42.75865,16.128941473311514,1.769174959275071
2024-11-03 11:58:00,1811.655,1800.0,42.75865,16.419803324280544,1.8010794400616303
2024-11-03 11:58:00,1820.8005,1800.0,42.75865,16.88531313261139,1.8521409618334481
2024-11-03 11:58:00,1808.0685,1800.0,42.75865,17.029640772148912,1.8679721833815934
2024-11-03 11:58:00,1822.5315,1800.0,42.75865,17.100260894655328,1.8757184668290239
2024-11-03 11:58:00,1798.485,1800.0,42.75865,15.277131115426483,1.6757403369401236
2024-11-03 11:58:00,1800.735,1800.0,42.75865,14.456714711152578,1.5857493005772223
2024-11-03 11:58:00,1805.2725,1800.0,42.75865,14.096310031802176,1.546216704159326
2024-11-03 11:58:00,1793.781,1800.0,42.75865,13.951298882448864,1.5303105087852469
2024-11-03 11:58:00,1797.7605,1800.0,42.75865,13.95492562849731,1.5307083246185538
2024-11-03 11:58:00,1789.203,1800.0,42.75865,14.009049786967523,1.536645174598187
2024-11-03 11:58:00,1803.9945,1800.0,42.75865,12.443926507887767,1.364967639645989
2024-11-03 11:58:00,1808.6955,1800.0,42.75865,12.676272319907085,1.3904535274333054
2024-11-03 11:58:00,1792.215,1800.0,42.75865,12.071822095146054,1.3241517057331709
2024-11-03 11:58:00,1813.7775,1800.0,42.75865,11.757451458632493,1.2896685588402728
2024-11-03 11:58:00,1802.5515,1800.0,42.75865,10.116981255970678,1.1097262601600666
2024-11-03 11:58:00,1789.4175,1800.0,42.75865,10.43559961568713,1.1446753375380445
2024-11-03 11:58:00,1819.3575,1800.0,42.75865,10.215112835864026,1.120490260646316
2024-11-03 11:58:00,1820.376,1800.0,42.75865,10.786018145433948,1.1831125585497204
2024-11-03 11:58:00,1815.4035,1800.0,42.75865,10.745290610404066,1.1786451770264448
2024-11-03 11:58:00,1814.6565,1800.0,42.75865,10.775144346178141,1.1819198173281475
2024-11-03 11:58:00,1818.327,1800.0,42.75865,11.045102374352084,1.2115313689783844
2024-11-03 11:58:00,1819.857,1800.0,42.75865,10.98386967617551,1.204814787082288
2024-11-03 11:58:00,1817.5515,1800.0,42.75865,11.246535035876692,1.2336264098302065
2024-11-03 11:58:00,1835.73,1800.0,42.75865,12.50993238220224,1.3722077886784259
2024-11-03 11:58:00,1797.8355,1800.0,42.75865,12.536358131452523,1.3751064149727206
2024-11-03 11:58:00,1802.028,1800.0,42.75865,12.501155744361066,1.3712450839701888
2024-11-03 11:58:00,1818.381,1800.0,42.75865,12.698795918341396,1.3929241288927183
2024-11-03 11:58:00,1805.115,1800.0,42.75865,12.250232501849124,1.3437214477733068
2024-11-03 11:58:00,1816.8495,1800.0,42.75865,12.061467564625197,1.323015922821263
2024-11-03 11:58:00,1787.436,1800.0,42.75865,12.227659445392932,1.3412454212899396
2024-11-03 11:58:00,1800.2130000000002,1800.0,42.75865,12.353635132389975,1.3550636269844316
2024-11-03 11:58:00,1791.603,1800.0,42.75865,13.007185542772099,1.426751221770812
2024-11-03 11:58:00,1784.2515,1800.0,42.75865,13.651839691528147,1.497462990380003
2024-11-03 11:58:00,1791.46725,1800.0,42.75865,14.104980254860598,1.5471677362869873
2024-11-03 11:58:00,1792.7205,1800.0,42.75865,14.450654858199451,1.585084598549547
2024-11-03 11:58:00,1809.774,1800.0,42.75865,13.857044085163272,1.5199717505086954
2024-11-03 11:58:00,1778.9535,1800.0,42.75865,15.003697514955794,1.6457475516245077
2024-11-03 11:58:00,1813.266,1800.0,42.75865,14.724951818410345,1.6151720853330644
2024-11-03 11:58:00,1814.6235,1800.0,42.75865,14.698548328850686,1.6122759006923226
2024-11-03 11:58:00,1791.5475,1800.0,42.75865,14.851024861517724,1.629000969967202
2024-11-03 11:58:00,1799.181,1800.0,42.75865,14.517783345664077,1.5924478864176903
2024-11-03 11:58:00,1799.181,1800.0,42.75865,14.013041614794815,1.5370830360564525
2024-11-03 11:58:00,1799.181,1800.0,42.75865,13.561411307866962,1.4875439493663185
2024-11-03 11:58:00,1799.181,1800.0,42.75865,10.903400218056493,1.1959881352820958
2024-11-03 11:58:00,1799.181,1800.0,42.75865,10.895832244999282,1.1951580083672302
2024-11-03 11:58:00,1799.181,1800.0,42.75865,10.882498681338122,1.1936954569043055
2024-11-03 11:58:00,1799.181,1800.0,42.75865,9.941396421655107,1.090466453643093
2024-11-03 11:58:00,1798.4865,1800.0,42.75865,9.822703384285786,1.0774470778891683
2024-11-03 11:58:00,1825.3275,1800.0,42.75865,10.800807443713643,1.1847347887639588
2024-11-03 11:58:00,1802.4075,1800.0,42.75865,10.493724068429053,1.1510509776557012
2024-11-03 11:58:00,1825.1685,1800.0,42.75865,11.96968944461906,1.312948829950173
2024-11-03 11:58:00,1829.598,1800.0,42.75865,13.38276880767984,1.4679487491161154
2024-11-03 11:58:00,1810.371,1800.0,42.75865,12.758588502427061,1.3994827454448182
2024-11-03 11:58:00,1821.444,1800.0,42.75865,12.980154116251628,1.4237861590608607
2024-11-03 11:58:00,1818.033,1800.0,42.75865,12.91287476439573,1.4164063229583694
2024-11-03 11:58:00,1824.9975,1800.0,42.75865,13.539378752269414,1.485127210132903
2024-11-03 11:58:00,1825.7625,1800.0,42.75865,12.352511700694428,1.354940398362919
2024-11-03 11:58:00,1848.675,1800.0,42.75865,15.110379137584768,1.6574494017231218
2024-11-03 11:58:00,1828.173,1800.0,42.75865,15.5533718896831,1.706041039646141
2024-11-03 11:58:00,1816.1325,1800.0,42.75865,14.786769214289567,1.6219528024072805
2024-11-03 11:58:00,1805.319,1800.0,42.75865,14.536783542804152,1.594532007874584
2024-11-03 11:58:00,1824.6615,1800.0,42.75865,14.307585135530585,1.5693913572295872
2024-11-03 11:58:00,1833.5415000000005,1800.0,42.75865,14.368019429009928,1.5760203625416873
2024-11-03 11:58:00,1826.061,1800.0,42.75865,13.888152891347382,1.5233840588120602
2024-11-03 11:58:00,1817.274,1800.0,42.75865,13.162264989125331,1.4437618032550565
2024-11-03 11:58:00,1820.652,1800.0,42.75865,12.309569247529707,1.3502300636546816
2024-11-03 11:58:00,1848.588,1800.0,42.75865,12.844243867716717,1.4088782366274706
2024-11-03 11:58:00,1826.9325,1800.0,42.75865,11.551125942462125,1.2670368233806255
2024-11-03 11:58:00,1826.97,1800.0,42.75865,11.567217915517444,1.2688019432939137
2024-11-03 11:58:00,1829.00025,1800.0,42.75865,10.421615781457902,1.1431414582444817
2024-11-03 11:58:00,1808.54475,1800.0,42.75865,11.08044079037509,1.2154076209216256
2024-11-03 11:58:00,1834.7145,1800.0,42.75865,11.261042897292535,1.2352177693854516
2024-11-03 11:58:00,1834.1595,1800.0,42.75865,10.908429847022441,1.1965398325919117
2024-11-03 11:58:00,1835.379,1800.0,42.75865,11.047480114131798,1.211792181982443
2024-11-03 11:58:00,1824.6015,1800.0,42.75865,10.873194618098868,1.1926748991863896
2024-11-03 11:58:00,1820.3955,1800.0,42.75865,10.966253389275389,1.2028824659990558
2024-11-03 11:58:00,1841.5635,1800.0,42.75865,11.447930855923007,1.2557174095599897
2024-11-03 11:58:00,1820.9790000000005,1800.0,42.75865,10.386083304008372,1.1392439198072113
2024-11-03 11:58:00,1818.225,1800.0,42.75865,10.523027184423873,1.1542652207684654
2024-11-03 11:58:00,1841.1615,1800.0,42.75865,10.81157016995666,1.1859153464461962
2024-11-03 11:58:00,1821.1515,1800.0,42.75865,9.664198031694477,1.0600607105829427
2024-11-03 11:58:00,1815.8865,1800.0,42.75865,10.00395160626789,1.0973280983686873
2024-11-03 11:58:00,1832.85,1800.0,42.75865,9.982376661312335,1.0949615542017148
2024-11-03 11:58:00,1823.595,1800.0,42.75865,10.013076579779327,1.0983290118301934
2024-11-03 11:58:00,1807.659,1800.0,42.75865,10.717304350437177,1.1755753791467074
2024-11-03 11:58:00,1820.0655,1800.0,42.75865,10.735368436598032,1.177556819091223
2024-11-03 11:58:00,1835.6895,1800.0,42.75865,9.682015861646342,1.062015138815671
2024-11-03 11:58:00,1842.291,1800.0,42.75865,10.34802796600847,1.1350696501462059
2024-11-03 11:58:00,1822.30425,1800.0,42.75865,10.395152587371536,1.1402387246461543
2024-11-03 11:58:00,1829.4675,1800.0,42.75865,10.401565000563805,1.1409420988177985
2024-11-03 11:58:00,1824.666,1800.0,42.75865,9.521539199099587,1.0444125395753214
2024-11-03 11:58:00,1858.914,1800.0,42.75865,11.77816089355418,1.2919401656747826
2024-11-03 11:58:00,1809.969,1800.0,42.75865,12.397611705177665,1.3598873937207334
2024-11-03 11:58:00,1821.7725,1800.0,42.75865,12.306284543251541,1.3498697662001231
2024-11-03 11:58:00,1802.61975,1800.0,42.75865,13.430131899376471,1.4731439812993423
2024-11-03 11:58:00,1808.163,1800.0,42.75865,13.946388803804865,1.5297719248862722
2024-11-03 11:58:00,1832.082,1800.0,42.75865,13.506117357191952,1.4814787855057214
2024-11-03 11:58:00,1805.0025,1800.0,42.75865,14.179490564806455,1.5553407323129298
2024-11-03 11:58:00,1831.101,1800.0,42.75865,14.211206552856591,1.5588196420702634
2024-11-03 11:58:00,1827.501,1800.0,42.75865,13.677443290551482,1.5002714354558535
2024-11-03 11:58:00,1824.8835,1800.0,42.75865,13.667195428159816,1.4991473529139563
2024-11-03 11:58:00,1821.7245,1800.0,42.75865,13.550589050817704,1.4863568617818008
2024-11-03 11:58:00,1820.0505,1800.0,42.75865,13.417987971908468,1.4718119203938456
2024-11-03 11:58:00,1816.455,1800.0,42.75865,13.509329402249964,1.4818311130093025
2024-11-03 11:58:00,1826.928,1800.0,42.75865,13.027234373704607,1.428950367307252
2024-11-03 11:58:00,1819.3275,1800.0,42.75865,13.040250193194742,1.4303780655820888
2024-11-03 11:58:00,1819.4295,1800.0,42.75865,12.780377576420138,1.4018727773113313
2024-11-03 11:58:00,1816.6214999999995,1800.0,42.75865,12.032764131100343,1.3198674585577268
2024-11-03 11:58:00,1836.57,1800.0,42.75865,12.469814354980562,1.3678072637404717
2024-11-03 11:58:00,1826.442,1800.0,42.75865,12.401077020673696,1.3602675023231305
2024-11-03 11:58:00,1819.5975,1800.0,42.75865,12.406511195115513,1.3608635740097135
2024-11-03 11:58:00,1817.463,1800.0,42.75865,8.938107256606743,0.9804162020098639
2024-11-03 11:58:00,1821.357,1800.0,42.75865,8.609738564957398,0.9443976159397725
2024-11-03 11:58:00,1832.83875,1800.0,42.75865,9.024214971862522,0.9898613112182386
2024-11-03 11:58:00,1817.4495,1800.0,42.75865,7.953607684173274,0.8724269707358602
2024-11-04 12:00:00,1819.3605,1800.0,42.75865,7.291189154441016,0.7997666366834789
2024-11-04 12:06:00,1754.3055,1800.0,42.18055,16.67534498326464,1.8291096678899323
2024-11-04 12:08:00,1771.656,1800.0,43.31824,19.540179689158332,2.1433518537467
2024-11-04 12:10:00,1770.6735,1800.0,43.31824,21.79534230380194,2.3907194341624782
2024-11-04 12:12:00,1773.072,1800.0,43.31824,23.36647679333271,2.563056335572324
2024-11-04 12:14:00,1774.404,1800.0,43.31824,24.520971643418562,2.6896922578840043
2024-11-04 12:16:00,1781.6325000000002,1800.0,43.31824,25.04085647403366,2.7467181467529755
2024-11-04 12:20:00,1774.4715,1800.0,43.31824,25.831294703564417,2.8334208931702465
2024-11-04 12:22:00,1750.938,1800.0,43.31824,28.274556718858847,3.1014209961875068
2024-11-04 12:24:00,1774.419,1800.0,43.31824,28.20023935110913,3.0932691638878116
2024-11-04 12:28:00,1773.246,1800.0,43.96908,28.300055608730585,3.1042179557725507
2024-11-04 12:30:00,1773.4515,1800.0,43.96908,28.189311734786283,3.0920705195009535
2024-11-04 12:34:00,1772.83425,1800.0,43.96908,28.03978801578163,3.0756693427765893
2024-11-04 12:36:00,1775.4195,1800.0,43.96908,26.173988860244396,2.871010831833693
2024-11-04 12:38:00,1779.7755000000002,1800.0,43.96908,24.674288598373717,2.7065095126299403
2024-11-04 12:40:00,1776.018,1800.0,43.96908,23.485643730595722,2.576127693151994
2024-11-04 12:42:00,1771.64775,1800.0,43.96908,22.277806409177963,2.443640663704584
2024-11-04 12:44:00,1780.641,1800.0,43.96908,20.25560816272078,2.22182682017109
2024-11-04 12:46:00,1777.9140000000002,1800.0,43.96908,15.972833148276228,1.7520515206387663
2024-11-04 12:48:00,1774.977,1800.0,43.96908,12.854187545583835,1.409968953331646
2024-11-04 12:52:00,1761.06,1800.0,43.96908,7.950144617261484,0.8720471087794651
2024-11-04 12:54:00,1780.7475,1800.0,43.96908,6.968333447863763,0.7643527669958321
2024-11-04 12:56:00,1780.614,1800.0,43.96908,7.13290840980844,0.7824049065040543
2024-11-04 12:58:00,1777.2464999999995,1800.0,43.96908,7.127952394295495,0.7818612838145065
2024-11-04 01:00:00,1782.5205,1800.0,43.96908,7.356846907308402,0.8069686004606716
2024-11-04 01:04:00,1776.2489999999998,1800.0,43.96908,7.364517973592116,0.8078100356163849
2024-11-04 01:06:00,1774.4535,1800.0,43.96908,7.1863152491163484,0.788263074128627
2024-11-04 01:08:00,1751.5859999999998,1800.0,43.96908,8.816788455679303,0.9671088076563499
2024-11-04 01:10:00,1768.6095,1800.0,43.96908,7.19551699665566,0.7892724088921671
2024-11-04 01:16:00,1782.681,1800.0,43.96908,7.44336912233026,0.8164591759265801
2024-11-04 01:18:00,1782.264,1800.0,43.96908,7.628845025827613,0.8368039285291863
2024-11-04 01:20:00,1775.508,1800.0,43.96908,7.62022583161442,0.8358584937282514
2024-11-04 01:24:00,1787.8425,1800.0,43.96908,8.104949479348143,0.8890275712624451
2024-11-04 01:26:00,1798.509,1800.0,43.96908,9.550182573117299,1.0475544159436583
2024-11-04 01:28:00,1785.078,1800.0,43.96908,9.702415180313873,1.064252729164212
2024-11-04 01:30:00,1790.2109999999998,1800.0,43.96908,10.113414782167993,1.1093350555571444
2024-11-04 01:32:00,1792.476,1800.0,43.96908,10.488352969660749,1.1504618247059926
2024-11-04 01:34:00,1771.4535,1800.0,43.96908,10.615859934291136,1.1644479954246678
2024-11-04 01:38:00,1764.4185,1800.0,43.96908,11.080499123657134,1.2154140194681178
2024-11-04 01:40:00,1783.3425,1800.0,43.96908,11.12116781009446,1.219874945920767
2024-11-04 01:42:00,1780.6995000000002,1800.0,43.96908,10.355451093144268,1.1358838889894618
2024-11-04 01:44:00,1787.9445,1800.0,43.96908,10.531024881541931,1.155142483885611
2024-11-04 01:46:00,1762.8089999999995,1800.0,43.96908,11.180916809475256,1.2264287816899127
2024-11-04 01:48:00,1785.0479999999998,1800.0,43.96908,11.259855424997589,1.2350875161848602
2024-11-04 01:50:00,1788.9945,1800.0,43.96908,11.452201282182923,1.2561858303312456
2024-11-04 01:52:00,1757.7675,1800.0,43.96908,12.432740477227615,1.3637406499287548
2024-11-04 01:54:00,1762.335,1800.0,43.96908,12.930040782174991,1.4182892542626833
2024-11-04 01:58:00,1759.23825,1800.0,44.51963,12.200587703849632,1.3382759364467074
2024-11-04 02:04:00,1760.25,1800.0,45.04367,12.685804588962153,1.3914991169250401
2024-11-04 02:06:00,1760.1795,1800.0,45.67166,13.22967875747288,1.4511563834305878
2024-11-04 02:08:00,1765.2869999999998,1800.0,46.32001,13.40536533183224,1.4704273497585216
2024-11-04 02:10:00,1749.4875000000002,1800.0,46.32001,14.656787808210543,1.6076952115302294
2024-11-04 02:12:00,1767.0359999999998,1800.0,46.32001,14.40881493208344,1.5804951994432976
2024-11-04 02:14:00,1756.239,1800.0,46.32001,13.64717167621998,1.4969509582788023
2024-11-04 02:16:00,1756.356,1800.0,46.32001,13.655995731959464,1.4979188642309305
2024-11-04 02:18:00,1752.39,1800.0,46.9915,13.33632286557073,1.462854118580358
2024-11-04 02:20:00,1767.855,1800.0,46.9915,12.0506968449863,1.321834488347709
2024-11-04 02:22:00,1765.35075,1800.0,46.9915,12.008024287372004,1.3171537583379709
2024-11-04 02:26:00,1759.4775,1800.0,46.9915,12.106802401056393,1.327988676769786
2024-11-04 02:28:00,1784.0265000000002,1800.0,46.9915,12.15802631919444,1.3336074009393628
2024-11-04 02:30:00,1763.727,1800.0,46.9915,11.693698249538652,1.2826755034504391
2024-11-04 02:34:00,1773.8085,1800.0,46.9915,10.652243705026361,1.1684389117669012
2024-11-04 02:36:00,1796.3355,1800.0,46.9915,12.741734599723895,1.3976340498761821
2024-11-04 02:38:00,1792.83,1800.0,46.9915,13.435952459894022,1.4737824354678093
2024-11-04 02:40:00,1761.1875,1800.0,46.9915,12.436101679843055,1.364109338444993
2024-11-04 02:42:00,1757.541,1800.0,46.9915,12.44367055146387,1.3649395639228195
2024-11-04 02:44:00,1775.0902499999995,1800.0,46.9915,12.596321192944629,1.3816837311003065
2024-11-04 02:46:00,1781.811,1800.0,46.9915,12.94753237589775,1.4202078978180164
2024-11-04 02:50:00,1759.881,1800.0,46.9915,12.958385514637742,1.4213983727986657
2024-11-04 02:52:00,1793.16,1800.0,46.9915,14.057156084854958,1.541921928670778
2024-11-04 02:54:00,1776.822,1800.0,46.9915,14.135638035858449,1.5505305718790245
2024-11-04 02:56:00,1765.1174999999998,1800.0,46.9915,13.381755726076298,1.467837624737144
2024-11-04 02:58:00,1780.01325,1800.0,46.9915,13.528867603775677,1.4839742478793596
2024-11-04 03:00:00,1784.64,1800.0,46.9915,13.393226845163056,1.4690958856513356
2024-11-04 03:04:00,1788.0614999999998,1800.0,46.9915,13.273719221183425,1.4559871583280284
2024-11-04 03:06:00,1765.158,1800.0,46.9915,12.46425379887641,1.3671973293169766
2024-11-04 03:08:00,1780.554,1800.0,46.9915,12.426249000694828,1.3630286033415977
2024-11-04 03:10:00,1771.275,1800.0,46.9915,12.247692635400558,1.343442851181699
2024-11-04 03:14:00,1772.226,1800.0,46.9915,11.687435409606984,1.2819885358897105
2024-11-04 03:16:00,1779.123,1800.0,46.9915,11.564588034357158,1.268513473036746
2024-11-04 03:20:00,1766.382,1800.0,46.9915,11.431756471462107,1.2539432499837233
2024-11-04 03:22:00,1774.0770000000002,1800.0,46.9915,11.429141907562888,1.2536564598687259
2024-11-04 03:24:00,1781.562,1800.0,46.9915,10.488765950652331,1.1505071243699645
2024-11-04 03:26:00,1783.3815,1800.0,46.9915,9.8523302347087,1.0806968312581133
2024-11-04 03:28:00,1801.6335,1800.0,46.9915,10.985495217069266,1.2049930917930631
2024-11-04 03:30:00,1792.0185,1800.0,46.9915,10.485567475627493,1.1501562853560607
2024-11-04 03:32:00,1796.2244999999998,1800.0,46.9915,11.156764962148547,1.2237795784808023
2024-11-04 03:36:00,1776.156,1800.0,46.9915,11.170926585082984,1.2253329593223015
2024-11-04 03:38:00,1768.269,1800.0,46.9915,10.540248666089052,1.1561542358767456
2024-11-04 03:40:00,1789.5465,1800.0,46.9915,10.327885408706031,1.1328602238144034
2024-11-04 03:42:00,1805.433,1800.0,46.9915,11.79796470497416,1.2941124351520084
2024-11-04 03:44:00,1798.995,1800.0,46.9915,11.823135003237969,1.2968733516994149
2024-11-04 03:46:00,1766.0745000000002,1800.0,46.9915,12.389372727939353,1.3589836647163114
2024-11-04 03:48:00,1784.9985,1800.0,46.9915,12.393591748108406,1.359446446780969
2024-11-04 03:50:00,1773.648,1800.0,46.9915,12.44504550697847,1.3650903820574485
2024-11-04 03:52:00,1785.39075,1800.0,46.9915,11.869726507548812,1.301983948875187
2024-11-04 03:54:00,1767.3705,1800.0,46.9915,12.33169953058785,1.3526575225609538
2024-11-04 03:56:00,1783.1475,1800.0,46.9915,12.087330964237227,1.3258528652846626
2024-11-04 04:00:00,1749.3375,1800.0,46.9915,14.018840860261578,1.5377191521884046
2024-11-04 04:04:00,1773.1725,1800.0,46.9915,14.126596475529734,1.549538807964895
2024-11-04 04:08:00,1764.7665,1800.0,46.9915,14.217946269252288,1.559558917955145
2024-11-04 04:10:00,1765.5990000000002,1800.0,46.9915,14.550188758843724,1.5960024188485544
2024-11-04 04:12:00,1783.92,1800.0,46.9915,14.57018353601779,1.598195635257156
2024-11-04 04:16:00,1766.1195,1800.0,47.6266,14.895298209134499,1.6338572897756956
2024-11-04 04:18:00,1766.6910000000005,1800.0,47.6266,14.207151952018869,1.5583748950740752
2024-11-04 04:20:00,1768.9229999999998,1800.0,47.6266,13.930303597765834,1.5280075472433794
2024-11-04 04:24:00,1782.7785,1800.0,48.19641,13.245503725778857,1.4528922157358004
2024-11-04 04:28:00,1781.7599999999998,1800.0,48.19641,13.307730872539215,1.4597178781649023
2024-11-04 04:30:00,1776.909,1800.0,48.19641,13.172960644206832,1.4449350039374789
2024-11-04 04:34:00,1779.3015,1800.0,48.19641,12.843374633736788,1.4087828908173576
2024-11-04 04:38:00,1772.1570000000002,1800.0,48.19641,10.86186801945274,1.1914324906419944
2024-11-04 04:40:00,1784.8395,1800.0,48.19641,9.56970223349764,1.0496955170454012
2024-11-04 04:42:00,1784.6745,1800.0,48.19641,9.677962788342061,1.0615705593738083
2024-11-04 04:44:00,1783.458,1800.0,48.19641,9.59811616760005,1.0528122262722066
2024-11-04 04:48:00,1777.293,1800.0,48.19641,9.611721742481976,1.0543046145003785
2024-11-04 04:50:00,1771.644,1800.0,48.19641,9.307263446274874,1.0209087469113962
2024-11-04 04:54:00,1783.8629999999998,1800.0,48.19641,9.401110997464185,1.031202834581573
2024-11-04 04:56:00,1786.5660000000005,1800.0,48.19641,9.585960069312621,1.05147883035604
2024-11-04 04:58:00,1781.4615,1800.0,48.19641,7.4882051133001575,0.8213772117833956
2024-11-04 05:02:00,1784.8920000000005,1800.0,48.19641,7.646692388304007,0.8387615961687267
2024-11-04 05:04:00,1788.9135,1800.0,48.19641,7.454047654039868,0.8176304983555023
2024-11-04 05:08:00,1779.2655,1800.0,48.19641,6.798200779802203,0.7456910056776933
2024-11-04 05:12:00,1783.8629999999998,1800.0,48.19641,6.796161070229519,0.7454672710261566
2024-11-04 05:14:00,1772.8815,1800.0,48.19641,6.2541674853335785,0.6860162847309752
2024-11-04 05:18:00,1766.0775,1800.0,48.19641,6.3219866803543985,0.6934553359413455
2024-11-04 05:20:00,1771.023,1800.0,48.19641,6.1508637867716445,0.6746849573156772
2024-11-04 05:22:00,1779.3525,1800.0,48.19641,6.107615725878662,0.6699411006592639
2024-11-04 05:24:00,1780.194,1800.0,48.19641,6.087253553835733,0.6677075849040973
2024-11-04 05:28:00,1772.1825,1800.0,48.19641,6.279063913881616,0.6887471606558122
2024-11-04 05:30:00,1804.4535,1800.0,48.19641,8.446263603253522,0.9264661348693306
2024-11-04 05:36:00,1815.015,1800.0,48.19641,11.21403551254711,1.2300615545073565
2024-11-04 05:40:00,1777.182,1800.0,48.19641,11.264004465189311,1.2355426221832524
2024-11-04 05:42:00,1787.5935,1800.0,48.19641,11.316369649281125,1.241286531204583
2024-11-04 05:46:00,1787.4285,1800.0,48.19641,11.3713633591179,1.2473187618082995
2024-11-04 05:48:00,1798.8585,1800.0,48.19641,11.857964394945023,1.3006937690378286
2024-11-04 05:50:00,1786.323,1800.0,48.19641,11.52632517839441,1.2643164408414433
2024-11-04 05:54:00,1783.1145,1800.0,48.19641,11.529270992967149,1.2646395656655602
2024-11-04 05:58:00,1789.0890000000002,1800.0,48.19641,11.568736152611724,1.2689684779083448
2024-11-04 06:00:00,1777.3845,1800.0,48.19641,11.659880363104355,1.2789660375841165
2024-11-04 06:04:00,1789.0545,1800.0,48.19641,11.70890779603214,1.2843438304663648
2024-11-04 06:06:00,1776.303,1800.0,48.19641,11.795820149430147,1.293877200001982
2024-11-04 06:10:00,1783.4640000000002,1800.0,48.19641,11.747536445981886,1.2885809864083575
2024-11-04 06:12:00,1787.397,1800.0,48.19641,11.771258592422054,1.291183055957165
2024-11-04 06:16:00,1796.5665,1800.0,48.19641,11.762073459223856,1.2901755436118107
2024-11-04 06:18:00,1774.8795,1800.0,48.19641,11.149650671051878,1.222999215697414
2024-11-04 06:22:00,1808.0205,1800.0,48.19641,11.620656284585898,1.2746635694010482
2024-11-04 06:24:00,1812.912,1800.0,48.19641,12.723556354346178,1.395640087868258
2024-11-04 06:26:00,1789.6065,1800.0,48.19641,12.538994857736693,1.3753956360678639
2024-11-04 06:30:00,1784.853,1800.0,48.19641,11.903829007247403,1.3057246338181676
2024-11-04 06:34:00,1786.3739999999998,1800.0,48.19641,11.464809697171212,1.2575688406242858
2024-11-04 06:38:00,1795.473,1800.0,48.19641,9.909419739916128,1.0869589485345328
2024-11-04 06:40:00,1806.0795000000005,1800.0,48.19641,10.25850033218165,1.1252494118998433
2024-11-04 06:42:00,1793.5815,1800.0,48.19641,10.27075325081129,1.1265934279875367
2024-11-04 06:48:00,1805.412,1800.0,48.19641,10.777326469330735,1.182159173249056
2024-11-04 06:50:00,1772.931,1800.0,48.19641,11.356173183599243,1.2456525595842372
2024-11-04 06:52:00,1803.639,1800.0,48.19641,11.72008263564774,1.2855695926439108
2024-11-04 06:54:00,1813.902,1800.0,48.19641,12.642189801995452,1.3867150342818433
2024-11-04 06:56:00,1790.37,1800.0,48.19641,12.62805673168379,1.3851647853622575
2024-11-04 07:00:00,1781.3010000000002,1800.0,48.19641,12.411294997408607,1.3613883067233308
2024-11-04 07:04:00,1797.8595,1800.0,48.19641,12.434829640847665,1.3639698091682833
2024-11-04 07:06:00,1803.876,1800.0,48.19641,12.001775531892566,1.3164683356932705
2024-11-04 07:10:00,1799.076,1800.0,48.19641,11.756555076884462,1.289570235206004
2024-11-04 07:14:00,1794.4035,1800.0,48.19641,11.615170407257398,1.2740618264524923
2024-11-04 07:16:00,1809.6915,1800.0,48.19641,12.038348170813261,1.3204799688857007
2024-11-04 07:20:00,1815.576,1800.0,48.19641,11.676763523834854,1.280817942450114
2024-11-04 07:22:00,1802.289,1800.0,48.19641,11.493160084205288,1.2606785794071709
2024-11-04 07:24:00,1823.4465,1800.0,48.19641,12.418589882531087,1.3621884787687706
2024-11-04 07:28:00,1836.0045,1800.0,48.19641,14.781326421213606,1.6213557853473304
2024-11-04 07:30:00,1810.5615,1800.0,48.19641,14.434684592749443,1.5833328286783575
2024-11-04 07:36:00,1801.503,1800.0,48.19641,13.956094200253757,1.5308365046291912
2024-11-04 07:40:00,1816.7745,1800.0,48.19641,14.174687856839732,1.5548139258460891
2024-11-04 07:42:00,1805.145,1800.0,48.19641,14.168712405843317,1.5541584818238805
2024-11-04 07:44:00,1803.699,1800.0,48.19641,13.961245800500416,1.5314015809035189
2024-11-04 07:46:00,1816.9095,1800.0,48.19641,14.240205152277662,1.5620004829230065
2024-11-04 07:48:00,1800.9945,1800.0,48.19641,12.148326497564739,1.3325434326953776
2024-11-04 07:50:00,1788.915,1800.0,48.19641,12.75245373486476,1.3988098260737512
2024-11-04 07:52:00,1803.315,1800.0,48.19641,12.609280635471833,1.383105245416248
2024-11-04 07:58:00,1809.0585,1800.0,48.19641,12.145304610272524,1.3322119634953693
2024-11-04 08:00:00,1782.2295,1800.0,48.19641,12.04722281588786,1.3214534239549263
2024-11-04 08:02:00,1800.8265,1800.0,48.19641,11.958787370837811,1.3117529873110345
2024-11-04 08:06:00,1784.25,1800.0,48.19641,12.926838316051835,1.4179379774673404
2024-11-04 08:08:00,1802.7165,1800.0,48.19641,12.861034981168627,1.4107200448767363
2024-11-04 08:10:00,1820.7615,1800.0,48.19641,13.022691116803205,1.4284520198889283
2024-11-04 08:12:00,1801.0785,1800.0,48.19641,13.062071817610272,1.4327716678870224
2024-11-04 08:14:00,1809.9285,1800.0,48.19641,12.911223805864545,1.4162252302005462
2024-11-04 08:16:00,1817.3445,1800.0,48.19641,13.119441283633885,1.4390644939155566
2024-11-04 08:20:00,1794.6015000000002,1800.0,48.19641,12.770893984389973,1.4008325271764102
2024-11-04 08:22:00,1802.2635,1800.0,48.19641,10.539229992098226,1.1560424980718054
2024-11-04 08:24:00,1801.0485,1800.0,48.19641,10.424637209516408,1.1434728770713902
2024-11-04 08:26:00,1809.5205,1800.0,48.19641,10.511031219723494,1.1529493898197711
2024-11-04 08:28:00,1776.7890000000002,1800.0,48.19641,11.612146379525644,1.2737301224688162
2024-11-04 08:30:00,1792.644,1800.0,48.19641,11.745256103280381,1.288330856837688
2024-11-04 08:34:00,1783.884,1800.0,48.19641,12.322250696779843,1.3516210850368213
2024-11-04 08:36:00,1817.202,1800.0,48.19641,12.343589125830357,1.3539616859007346
2024-11-04 08:38:00,1817.1,1800.0,48.19641,12.925665006920187,1.417809277816552
2024-11-04 08:40:00,1811.196,1800.0,48.19641,12.809433696346781,1.4050599275575502
2024-11-04 08:44:00,1810.0005,1800.0,48.19641,12.935249900213293,1.418860639632797
2024-11-04 08:46:00,1814.073,1800.0,48.19641,13.121983488548043,1.439343347012204
2024-11-04 08:48:00,1814.1645,1800.0,48.19641,12.455074253513931,1.366190429898332
2024-11-04 08:52:00,1792.81875,1800.0,48.19641,12.691288235459739,1.392100615174947
2024-11-04 08:54:00,1818.09,1800.0,48.19641,12.212805571104393,1.3396161077678472
2024-11-04 08:56:00,1832.6985,1800.0,48.19641,13.629077946346044,1.494966266731262
2024-11-04 08:58:00,1808.124,1800.0,48.19641,13.238010232319903,1.4520702584482121
2024-11-04 09:00:00,1805.406,1800.0,48.19641,13.184662410970803,1.4462185644719598
2024-11-04 09:04:00,1805.406,1800.0,48.19641,13.160531083676968,1.4435716120942745
2024-11-04 09:34:00,1805.406,1800.0,48.19641,12.89745701497472,1.414715158274738
2024-11-04 10:04:00,1805.406,1800.0,48.19641,12.635176415643308,1.3859457396858859
2024-11-04 10:32:00,1805.406,1800.0,48.19641,12.603644441159211,1.3824870142781414
2024-11-04 11:02:00,1805.406,1800.0,48.19641,12.545264996957908,1.3760834042837569
2024-11-04 11:34:00,1805.406,1800.0,48.19641,12.527488816407542,1.3741335445515916
2024-11-04 11:34:00,1805.406,1800.0,48.19641,10.435220941306442,1.1446338009478638
2024-11-04 11:34:00,1805.406,1800.0,48.19641,9.835039715579665,1.078800243467366
2024-11-04 11:34:00,1805.406,1800.0,48.19641,8.021650882335043,0.8798905927308922
2024-11-04 11:34:00,1805.406,1800.0,48.19641,7.855657934130985,0.8616829150686725
2024-11-04 11:34:00,1805.406,1800.0,48.19641,7.644510062899249,0.8385222180628864
2024-11-04 11:34:00,1805.406,1800.0,48.19641,7.638772051647782,0.8378928186792424
2024-11-04 11:34:00,1805.406,1800.0,48.19641,7.644918828296946,0.838567055320621
2024-11-04 11:34:00,1805.406,1800.0,48.19641,7.514108816818688,0.824218575160732
2024-11-04 11:34:00,1805.406,1800.0,48.19641,7.3494306033796555,0.8061551100513461
2024-11-04 11:34:00,1805.406,1800.0,48.19641,6.577517207710874,0.7214843427473705
2024-11-04 11:34:00,1805.406,1800.0,48.19641,6.10106364642611,0.6692224065702677
2024-11-04 11:34:00,1805.406,1800.0,48.19641,0.6077632762841328,0.06666522854882068
2024-11-04 11:34:00,1805.406,1800.0,48.19641,0.0,0.0
2024-11-04 11:34:00,1805.406,1800.0,48.19641,0.0,0.0
2024-11-04 11:34:00,1805.406,1800.0,48.19641,0.0,0.0
2024-11-04 11:34:00,1805.406,1800.0,48.19641,0.0,0.0
2024-11-04 11:34:00,1805.406,1800.0,48.19641,0.0,0.0
2024-11-04 11:34:00,1797.88425,1800.0,49.36993,1.6819144309780525,0.1844882939065446
2024-11-04 11:34:00,1764.333,1800.0,49.36993,9.249453940311986,1.0145676531373977
2024-11-04 11:34:00,1749.8864999999998,1800.0,49.36993,15.015770796523677,1.6470718634190242
2024-11-04 11:34:00,1786.0005,1800.0,49.94305,15.286216582201057,1.6767369169288042
2024-11-04 11:34:00,1812.3645,1800.0,49.94305,15.511711763316661,1.7014713626782074
2024-11-04 11:34:00,1813.5495,1800.0,49.94305,15.77735427642217,1.73060954778991
2024-11-04 11:34:00,1786.3650000000002,1800.0,49.94305,16.005865225114835,1.7556747914710409
2024-11-04 11:34:00,1802.0805,1800.0,49.94305,15.953363456471484,1.7499159005633413
2024-11-04 11:34:00,1776.09,1800.0,49.94305,16.6523835212098,1.8265910374042935
2024-11-04 11:34:00,1785.174,1800.0,49.94305,16.754713349119367,1.8378155414688722
2024-11-04 11:34:00,1779.969,1800.0,49.94305,16.997934464357677,1.8644943354466783
2024-11-04 11:34:00,1769.6145,1800.0,49.94305,17.726231873959065,1.944380888578744
2024-11-04 11:34:00,1835.409,1800.0,50.49787,19.934223889308484,2.1865743511999125
2024-11-04 11:34:00,1835.8425,1800.0,50.49787,21.85365392877794,2.397115605102331
2024-11-04 11:34:00,1820.6685,1800.0,50.49787,22.445014250604366,2.4619816023542485
2024-11-04 11:34:00,1802.8845,1800.0,50.49787,22.40302306881098,2.4573756120936876
2024-11-04 11:34:00,1797.7665,1800.0,50.49787,22.31688430911491,2.44792709763727
2024-11-04 11:34:00,1814.6115,1800.0,50.49787,22.60107394940366,2.479099707204748
2024-11-04 11:34:00,1796.5770000000002,1800.0,50.49787,22.515650355027283,2.4697296388495475
2024-11-04 11:34:00,1801.158,1800.0,50.49787,22.448380182434242,2.4623508096154874
2024-11-04 11:34:00,1799.8905,1800.0,50.49787,22.459787610600767,2.4636020843067206
2024-11-04 11:34:00,1803.603,1800.0,50.49787,21.178572041660278,2.323066234154771
2024-11-04 11:34:00,1808.1675,1800.0,50.49787,17.896406131725076,1.9630472118493083
2024-11-04 11:34:00,1811.4135,1800.0,50.49787,17.646714451840246,1.9356586650979593
2024-11-04 11:34:00,1819.9695,1800.0,50.49787,17.9462274546122,1.9685120860963696
2024-11-04 11:34:00,1815.9315,1800.0,50.49787,18.027363776975594,1.9774118858786747
2024-11-04 11:34:00,1833.9255,1800.0,50.49787,18.815085691704805,2.063816681178921
2024-11-04 11:34:00,1851.6855,1800.0,50.49787,21.424055782960977,2.3499932143745825
2024-11-04 11:34:00,1819.554,1800.0,50.49787,20.183469329387865,2.2139139501457943
2024-11-04 11:34:00,1838.262,1800.0,50.49787,20.211140887659692,2.216949228565004
2024-11-04 11:34:00,1831.6725,1800.0,50.49787,19.058465161662212,2.090512845001126
2024-11-04 11:34:00,1818.1845,1800.0,50.49787,15.714253968672534,1.723688108799141
2024-11-04 11:34:00,1821.414,1800.0,50.49787,15.194625267364597,1.6666903146168128
2024-11-04 11:34:00,1826.862,1800.0,50.49787,14.739314536540995,1.6167475241990257
2024-11-04 11:34:00,1828.4175,1800.0,50.49787,14.949199571486618,1.639769701368358
2024-11-04 11:34:00,1792.293,1800.0,50.49787,15.650354251829215,1.7166789830526665
2024-11-04 11:34:00,1810.4955,1800.0,50.49787,15.094469065115852,1.6557042343878177
2024-11-04 11:34:00,1823.2035,1800.0,50.49787,15.138990924442904,1.6605878133128278
2024-11-04 11:34:00,1804.4655,1800.0,50.49787,14.656582138437122,1.6076726517228412
2024-11-04 11:34:00,1815.102,1800.0,50.49787,14.13417576476125,1.5503701761448645
2024-11-04 11:34:00,1808.283,1800.0,50.49787,13.662257551653408,1.4986057198823288
2024-11-04 11:34:00,1801.215,1800.0,50.49787,13.814819559075605,1.5153401648373626
2024-11-04 11:34:00,1827.591,1800.0,50.49787,13.693505878669091,1.5020333321510486
2024-11-04 11:34:00,1838.5065,1800.0,50.49787,14.132739505420432,1.5502126336263424
2024-11-05 12:04:00,1839.936,1800.0,48.65402,14.722853457153565,1.614941917209685
2024-11-05 12:08:00,1829.703,1800.0,45.50592,14.728905738167866,1.615605788675442
2024-11-05 12:10:00,1850.7345,1800.0,44.85913,15.821844696216363,1.7354896781293847
2024-11-05 12:12:00,1845.078,1800.0,44.20358,15.27002250462823,1.674960597225629
2024-11-05 12:14:00,1790.3849999999998,1800.0,43.56403,16.969984466692072,1.861428515159364
2024-11-05 12:16:00,1785.0765,1800.0,43.56403,18.408635109263123,2.0192333342910636
2024-11-05 12:18:00,1763.046,1800.0,43.56403,22.043739854634687,2.41796602859062
2024-11-05 12:20:00,1759.4054999999998,1800.0,43.56403,25.399930266738345,2.7861047589268875
2024-11-05 12:22:00,1753.1895,1800.0,44.06761,28.598877158338272,3.1369955316433837
2024-11-05 12:24:00,1745.493,1800.0,49.06392,31.64669114011422,3.471308616355655
2024-11-05 12:26:00,1776.5685,1800.0,50.35179,31.800818454991006,3.4882147590477537
2024-11-05 12:28:00,1774.0935,1800.0,50.35179,32.37812464779219,3.5515391664075495
2024-11-05 12:34:00,1755.381,1800.0,50.35179,33.932170639333194,3.722001639617309
2024-11-05 12:38:00,1765.0875,1800.0,50.35179,34.266255649300014,3.758647245584723
2024-11-05 12:40:00,1789.3755,1800.0,50.89906,34.24583644899942,3.7564074744304903
2024-11-05 12:42:00,1789.0185,1800.0,50.89906,33.9620542115164,3.725279552658763
2024-11-05 12:44:00,1774.5479999999998,1800.0,50.89906,34.071637361443166,3.7372996697340044
2024-11-05 12:46:00,1786.8195,1800.0,50.89906,34.03368984677405,3.7331372271564542
2024-11-05 12:48:00,1809.4935,1800.0,51.49422,33.26823397062016,3.6491747817125137
2024-11-05 12:52:00,1817.3115,1800.0,51.49422,31.989874004954896,3.508952161155731
2024-11-05 12:56:00,1797.6915,1800.0,51.49422,29.840746133470986,3.2732154749757405
2024-11-05 12:58:00,1828.6305,1800.0,51.49422,29.762484418135607,3.2646309893000764
2024-11-05 01:00:00,1835.5005,1800.0,51.49422,28.22273930161892,3.095737171419038
2024-11-05 01:04:00,1760.3295000000005,1800.0,44.24641,25.259905644013102,2.7707455329902473
2024-11-05 01:06:00,1791.804,1800.0,44.24641,25.28424709092542,2.7734155332764443
2024-11-05 01:08:00,1794.3315,1800.0,44.24641,25.410685162000885,2.7872844576330675
2024-11-05 01:10:00,1830.522,1800.0,44.24641,27.001803581323713,2.9618133856079867
2024-11-05 01:14:00,1855.311,1800.0,44.24641,30.21827200683688,3.3146260860032886
2024-11-05 01:16:00,1802.0325,1800.0,43.62407,28.90205816933946,3.170251294501631
2024-11-05 01:20:00,1811.8125,1800.0,43.62407,26.77395617547642,2.936820925586489
2024-11-05 01:22:00,1804.2075,1800.0,43.62407,26.358565391677978,2.891256932795897
2024-11-05 01:24:00,1787.7765000000002,1800.0,43.62407,25.86009215978583,2.8365796707330544
2024-11-05 01:26:00,1824.6105,1800.0,43.62407,24.248097033528907,2.6597607879460945
2024-11-05 01:28:00,1836.2745,1800.0,43.62407,23.636324218802045,2.5926557552710787
2024-11-05 01:30:00,1812.639,1800.0,43.62407,23.326364248180873,2.558656411959677
2024-11-05 01:34:00,1790.619,1800.0,42.9741,23.262160370834323,2.551613923010366
2024-11-05 01:38:00,1820.163,1800.0,42.9741,22.054457782473495,2.4191416723598724
2024-11-05 01:42:00,1835.4375,1800.0,42.9741,22.056667925212082,2.419384101734175
2024-11-05 01:46:00,1803.96,1800.0,42.9741,22.128642006798728,2.427278900228584
2024-11-05 01:48:00,1814.064,1800.0,42.9741,22.099884634788946,2.4241245194814995
2024-11-05 01:50:00,1828.0605,1800.0,42.9741,22.11657991928728,2.425955816304127
2024-11-05 01:52:00,1807.329,1800.0,42.45211,21.8561125350324,2.397385288306731
2024-11-05 01:56:00,1824.045,1800.0,42.45211,21.361700272916703,2.3431534718455582
2024-11-05 01:58:00,1794.123,1800.0,42.45211,18.178289542221208,1.9939668523049459
2024-11-05 02:00:00,1817.7675,1800.0,42.45211,17.463680015057253,1.9155817156727715
2024-11-05 02:06:00,1815.126,1800.0,42.45211,16.78979814498126,1.841663973952358
2024-11-05 02:08:00,1783.383,1800.0,41.81175,17.886346073171318,1.9619437294098934
2024-11-05 02:12:00,1770.168,1800.0,41.81175,17.524159076058403,1.9222156315103827
2024-11-05 02:14:00,1779.8595,1800.0,41.81175,18.66441367209312,2.0472895479754505
2024-11-05 02:18:00,1784.6609999999998,1800.0,41.81175,19.352723771576915,2.12278991445876
2024-11-05 02:20:00,1783.7219999999998,1800.0,41.81175,20.022861769195625,2.1962969928127576
2024-11-05 02:24:00,1811.9895,1800.0,41.81175,19.610536198200453,2.151069221574297
2024-11-05 02:26:00,1787.667,1800.0,41.81175,19.59444118312597,2.1493037679835547
2024-11-05 02:32:00,1778.8755,1800.0,41.81175,18.974548166663247,2.081308034725421
2024-11-05 02:36:00,1795.9755,1800.0,41.81175,18.85673958358429,2.0683856742893165
2024-11-05 02:38:00,1787.313,1800.0,41.81175,18.96990825552714,2.0807990853558147
2024-11-05 02:40:00,1794.3435,1800.0,41.81175,18.48267063751464,2.0273542517670196
2024-11-05 02:44:00,1785.3345,1800.0,41.81175,16.723205085894353,1.834359416936448
2024-11-05 02:46:00,1788.3585,1800.0,41.81175,16.76435354482287,1.83887296937692
2024-11-05 02:48:00,1791.4605,1800.0,41.81175,16.280564433677377,1.785806400660999
2024-11-05 02:50:00,1774.9364999999998,1800.0,41.81175,14.965425696556698,1.641549536344358
2024-11-05 02:56:00,1779.8745,1800.0,41.81175,14.82318080990914,1.6259467708461883
2024-11-05 02:58:00,1793.877,1800.0,41.81175,12.716976247566665,1.3949183194767654
2024-11-05 03:02:00,1801.3275,1800.0,41.81175,12.941730690421831,1.4195715140427658
2024-11-05 03:06:00,1790.4734999999998,1800.0,41.81175,11.217121509467717,1.2304000558581965
2024-11-05 03:10:00,1794.954,1800.0,41.81175,9.516244649090098,1.0438317832180044
2024-11-05 03:12:00,1794.345,1800.0,41.81175,9.55631095197313,1.0482266345409312
2024-11-05 03:18:00,1812.0675,1800.0,41.81175,9.917429803506625,1.0878375681234225
2024-11-05 03:20:00,1821.555,1800.0,41.81175,11.758799426172342,1.2898164166783932
2024-11-05 03:22:00,1802.0295,1800.0,41.81175,11.778644333219798,1.2919931939130056
2024-11-05 03:26:00,1825.818,1800.0,41.81175,13.561195530748629,1.4875202808896755
2024-11-05 03:28:00,1806.393,1800.0,41.81175,13.260236635487392,1.454508260717843
2024-11-05 03:32:00,1788.489,1800.0,41.81175,13.23642583923403,1.4518964672184644
2024-11-05 03:36:00,1821.8685,1800.0,41.81175,13.88830341122517,1.5234005692569086
2024-11-05 03:38:00,1790.0955,1800.0,41.81175,13.985058066234023,1.534013535589399
2024-11-05 03:42:00,1798.611,1800.0,41.81175,13.789542963692016,1.512567588615769
2024-11-05 03:46:00,1780.6395000000002,1800.0,41.81175,14.301848095158588,1.5687620643411928
2024-11-05 03:48:00,1769.655,1800.0,41.81175,15.371914816074835,1.6861371103435092
2024-11-05 03:50:00,1785.4845,1800.0,41.81175,15.463628416453131,1.696197126091147
2024-11-05 03:54:00,1817.7435,1800.0,41.81175,16.141792092904012,1.770584536861538
2024-11-05 03:56:00,1809.4485,1800.0,41.81175,15.430443490982606,1.6925570893742299
2024-11-05 04:00:00,1810.7715,1800.0,41.81175,14.928339072204261,1.637481524364964
2024-11-05 04:06:00,1810.932,1800.0,41.81175,15.00006943780256,1.645349589783029
2024-11-05 04:10:00,1799.883,1800.0,41.81175,15.005105122576028,1.645901951351131
2024-11-05 04:12:00,1791.216,1800.0,41.81175,14.977116705229239,1.6428319168295467
2024-11-05 04:16:00,1808.418,1800.0,41.81175,14.965256231894497,1.641530947856245
2024-11-05 04:18:00,1815.4815,1800.0,41.81175,15.121412661139772,1.6586596630176018
2024-11-05 04:22:00,1791.2804999999998,1800.0,41.81175,15.2034048680436,1.6676533443171455
2024-11-05 04:24:00,1801.7505,1800.0,41.81175,14.511869084412044,1.5917991542657992
2024-11-05 04:28:00,1805.601,1800.0,41.81175,14.543253376161847,1.595241680433447
2024-11-05 04:30:00,1789.752,1800.0,41.81175,13.569927949818695,1.488478135264572
2024-11-05 04:34:00,1802.6655,1800.0,41.81175,13.498222141490952,1.4806127635203732
2024-11-05 04:38:00,1778.5500000000002,1800.0,41.81175,14.094319523798895,1.5459983664016084
2024-11-05 04:40:00,1757.6205,1800.0,41.81175,15.82182317783154,1.7354873177892685
2024-11-05 04:42:00,1776.567,1800.0,41.81175,16.357753386879644,1.7942732156323393
2024-11-05 04:44:00,1782.372,1800.0,42.37542,16.5760618859717,1.8182193580763228
2024-11-05 04:46:00,1761.1335,1800.0,42.37542,17.939380797716343,1.9677610799652516
2024-11-05 04:52:00,1776.348,1800.0,42.37542,17.532575034480224,1.9231387734861176
2024-11-05 04:54:00,1782.9495000000002,1800.0,42.37542,17.60373969644539,1.9309447871753842
2024-11-05 04:56:00,1791.5865,1800.0,42.37542,16.65582264405534,1.8269682729488745
2024-11-05 05:00:00,1757.3805,1800.0,42.37542,17.84722852058702,1.957652945999539
2024-11-05 05:04:00,1767.6435,1800.0,42.37542,17.76145890679212,1.9482449229594831
2024-11-05 05:06:00,1768.494,1800.0,42.37542,17.339263908761993,1.901934579550894
2024-11-05 05:10:00,1772.334,1800.0,42.98124,17.216525763143363,1.8884714980377242
2024-11-05 05:16:00,1768.8674999999998,1800.0,42.98124,17.44435140630193,1.9134615709215412
2024-11-05 05:18:00,1767.3674999999998,1800.0,42.98124,16.67442265355358,1.8290084980374843
2024-11-05 05:20:00,1773.7244999999998,1800.0,42.98124,14.584960075740664,1.599816465992124
2024-11-05 05:24:00,1796.8755,1800.0,42.98124,14.889454905999335,1.6332163409816727
2024-11-05 05:26:00,1810.2135,1800.0,42.98124,15.670439152157355,1.7188820850218118
2024-11-05 05:28:00,1778.37,1800.0,42.98124,14.406336315660054,1.5802233213341756
2024-11-05 05:32:00,1760.61,1800.0,42.98124,14.631478062470558,1.6049189990637827
2024-11-05 05:36:00,1777.6455,1800.0,42.98124,13.292434455969984,1.458040022416854
2024-11-05 05:40:00,1759.4250000000002,1800.0,42.98124,13.729532456119514,1.5059850681530136
2024-11-05 05:42:00,1772.7375000000002,1800.0,42.98124,13.162947981598206,1.4438367203339229
2024-11-05 05:46:00,1786.8405000000002,1800.0,42.98124,13.41983638253525,1.472014671566374
2024-11-05 05:48:00,1785.0359999999998,1800.0,42.98124,13.503073219293219,1.481144875648591
2024-11-05 05:52:00,1782.288,1800.0,42.98124,13.11853293217473,1.4389648573300797
2024-11-05 05:54:00,1791.819,1800.0,42.98124,13.53762878989775,1.4849352576967967
2024-11-05 05:56:00,1781.5859999999998,1800.0,42.98124,13.51273652939839,1.4822048389629887
2024-11-05 06:00:00,1755.9989999999998,1800.0,42.98124,13.903487440318498,1.5250660972828654
2024-11-05 06:06:00,1783.1955,1800.0,42.98124,13.291954591343583,1.4579873863227697
2024-11-05 06:08:00,1763.8725,1800.0,42.98124,13.45817199102171,1.4762196839470714
2024-11-05 06:12:00,1760.0355,1800.0,42.98124,13.8619271035264,1.520507366179942
2024-11-05 06:14:00,1783.8959999999995,1800.0,42.98124,13.922543261967842,1.527156320162415
2024-11-05 06:16:00,1757.0745000000002,1800.0,42.98124,14.522792041887126,1.592997287626139
2024-11-05 06:20:00,1765.9425,1800.0,42.98124,14.573005221707042,1.5985051444504672
2024-11-05 06:22:00,1773.5700000000002,1800.0,42.98124,14.57451629658428,1.598670893445144
2024-11-05 06:28:00,1778.6385,1800.0,42.98124,13.771220968417873,1.5105578587586297
2024-11-05 06:30:00,1765.9679999999998,1800.0,42.98124,11.20596917471111,1.2291767622265908
2024-11-05 06:34:00,1771.6245,1800.0,42.98124,11.144387387733337,1.2224218889666958
2024-11-05 06:38:00,1766.7780000000002,1800.0,42.98124,10.868601566728183,1.1921710898393765
2024-11-05 06:40:00,1780.3845,1800.0,42.98124,10.944574799894918,1.2005045531305765
2024-11-05 06:42:00,1760.799,1800.0,42.98124,10.856620401394164,1.190856882225259
2024-11-05 06:46:00,1774.7804999999998,1800.0,42.98124,10.85962764775392,1.1911867454692204
2024-11-05 06:50:00,1783.5555,1800.0,42.98124,10.6705333735859,1.1704450957240147
2024-11-05 06:54:00,1784.973,1800.0,42.98124,10.6669082792221,1.1700474610631126
2024-11-05 06:56:00,1775.5695,1800.0,42.98124,10.474302714254609,1.1489206597090775
2024-11-05 06:58:00,1772.1405,1800.0,44.06002,9.49196935796874,1.0411690395251165
2024-11-05 07:00:00,1771.881,1800.0,44.06002,9.221363293461138,1.0114864051162182
2024-11-05 07:04:00,1751.9805,1800.0,44.06002,9.613127524510162,1.0544588139787872
2024-11-05 07:08:00,1774.8105,1800.0,44.06002,9.244316788246042,1.0140041616762814
2024-11-05 07:14:00,1785.81,1800.0,44.06002,9.657143330497655,1.0592868841837808
2024-11-05 07:16:00,1782.2775,1800.0,44.06002,9.484665785553824,1.0403679145752183
2024-11-05 07:18:00,1786.6095,1800.0,44.06002,9.664586585344864,1.0601033308249306
2024-11-05 07:22:00,1756.944,1800.0,44.06002,9.676125294437574,1.0613690056507064
2024-11-05 07:24:00,1743.984,1800.0,44.65094,11.603067365883128,1.272734250320738
2024-11-05 07:26:00,1756.4175,1800.0,44.65094,12.115478712461242,1.3289403767249088
2024-11-05 07:30:00,1765.8390000000002,1800.0,45.70256,12.045078765003408,1.321218244160737
2024-11-05 07:34:00,1747.56,1800.0,45.70256,13.080945645535879,1.4348419279724038
2024-11-05 07:40:00,1765.9395,1800.0,45.70256,13.099501410053522,1.4368772998527681
2024-11-05 07:42:00,1786.6245,1800.0,45.70256,13.627381508932933,1.4947801854192166
2024-11-05 07:46:00,1768.317,1800.0,46.31303,13.429806539241836,1.473108292720281
2024-11-05 07:48:00,1759.1385,1800.0,46.31303,13.493626183089697,1.4801086353027326
2024-11-05 07:50:00,1759.6095,1800.0,47.36398,13.62220990449537,1.4942129148958938
2024-11-05 07:52:00,1761.828,1800.0,47.36398,13.261850628277768,1.454685298723338
2024-11-05 07:54:00,1801.632,1800.0,48.52912,14.821249032790867,1.6257348752478191
2024-11-05 07:58:00,1806.096,1800.0,48.52912,16.976161176407906,1.8621060351428078
2024-11-05 08:02:00,1815.2505,1800.0,48.52912,19.73810873660081,2.1650625850447103
2024-11-05 08:06:00,1794.0915,1800.0,48.52912,20.3219261063239,2.229101199916803
2024-11-05 08:10:00,1803.753,1800.0,48.52912,20.72480887132836,2.273293194819185
2024-11-05 08:12:00,1802.949,1800.0,48.52912,21.568686629787937,2.3658576945680534
2024-11-05 08:16:00,1789.254,1800.0,48.52912,21.651829939371503,2.374977639704558
2024-11-05 08:18:00,1796.31,1800.0,48.52912,22.031801684166197,2.416656537060295
2024-11-05 08:20:00,1805.724,1800.0,48.52912,22.80727183279536,2.5017174426932023
2024-11-05 08:22:00,1791.8760000000002,1800.0,48.52912,22.332661304212756,2.449657667786954
2024-11-05 08:26:00,1823.673,1800.0,48.52912,22.46870515141582,2.464580244586762
2024-11-05 08:30:00,1801.5045,1800.0,48.52912,21.688368481313415,2.378985532817632
2024-11-05 08:32:00,1828.2765,1800.0,48.52912,22.88971829119499,2.5107609505962407
2024-11-05 08:36:00,1799.391,1800.0,48.52912,20.59484107195728,2.259037096454647
2024-11-05 08:38:00,1796.688,1800.0,48.52912,19.586585908730452,2.1484421271386314
2024-11-05 08:42:00,1834.893,1800.0,48.52912,21.438458568721977,2.351573048237476
2024-11-05 08:44:00,1789.185,1800.0,48.52912,20.453537258166754,2.243537556734578
2024-11-05 08:50:00,1807.9335,1800.0,48.52912,18.37121246507626,2.0151284644758425
2024-11-05 08:52:00,1795.656,1800.0,48.52912,15.72675715266575,1.7250595763606429
2024-11-05 08:54:00,1808.6835,1800.0,48.52912,12.549790628367685,1.3765798183713356
2024-11-05 08:58:00,1804.3185,1800.0,48.52912,12.530251210652075,1.3744365500980598
2024-11-05 09:00:00,1790.6745,1800.0,48.52912,12.91334410345729,1.416457804508879
2024-11-05 09:04:00,1778.6955,1800.0,48.52912,13.794689956650322,1.5131321595191025
2024-11-05 09:06:00,1777.458,1800.0,48.52912,14.774407638209675,1.620596867742014
2024-11-05 09:08:00,1801.6485,1800.0,48.52912,14.763844111103433,1.6194381601064936
2024-11-05 09:12:00,1767.1605,1800.0,48.52912,16.600369269260323,1.8208856219418648
2024-11-05 09:14:00,1774.8705,1800.0,48.52912,17.359552387060592,1.90416001187868
2024-11-05 09:16:00,1792.9125,1800.0,48.52912,17.40106420435931,1.9087134209043386
2024-11-05 09:20:00,1774.9485,1800.0,48.52912,18.081738948385034,1.9833762693332895
2024-11-05 09:22:00,1789.8915,1800.0,48.52912,18.116877237509588,1.9872305694641317
2024-11-05 09:24:00,1787.8334999999995,1800.0,48.52912,17.074211946142032,1.8728611716059353
2024-11-05 09:26:00,1787.703,1800.0,48.52912,17.08196850196671,1.8737119840636496
2024-11-05 09:28:00,1778.8545,1800.0,48.52912,15.423935502366522,1.6918432315854917
2024-11-05 09:36:00,1754.3415,1800.0,48.52912,17.440750206439755,1.9130665572357362
2024-11-05 09:38:00,1789.6245,1800.0,48.52912,17.363515461787173,1.904594719424715
2024-11-05 09:42:00,1782.552,1800.0,48.52912,13.697695206135114,1.5024928572390002
2024-11-05 09:44:00,1773.81,1800.0,48.52912,13.98217149621833,1.5336969092690411
2024-11-05 09:46:00,1785.0344999999998,1800.0,48.52912,12.992251377250764,1.4251131011463596
2024-11-05 09:48:00,1797.333,1800.0,48.52912,13.070946986076844,1.4337451803668333
2024-11-05 09:50:00,1782.5145000000002,1800.0,48.52912,11.816247393323149,1.2961178534535618
2024-11-05 09:52:00,1798.23,1800.0,48.52912,11.322745625409052,1.2419859086141376
2024-11-05 09:56:00,1794.0405,1800.0,48.52912,11.462214269082098,1.2572841495060585
2024-11-05 10:00:00,1785.942,1800.0,48.52912,11.417698181802646,1.2524012037138605
2024-11-05 10:04:00,1824.2775,1800.0,48.55249,14.440846335921016,1.5840087069895703
2024-11-05 10:06:00,1814.5935,1800.0,48.55249,15.427242360778598,1.6922059591151437
2024-11-05 10:08:00,1854.654,1800.0,48.55249,20.968147978280516,2.2999849312449436
2024-11-05 10:12:00,1839.3345,1800.0,47.17672,23.16570367084379,2.5410336392043935
2024-11-05 10:14:00,1864.4475,1800.0,47.02287,27.949088751966528,3.0657205890637753
2024-11-05 10:16:00,1824.273,1800.0,46.48582,27.98432650868834,3.0695857997421334
2024-11-05 10:20:00,1823.376,1800.0,46.48582,28.318148106303045,3.106202512149602
2024-11-05 10:24:00,1822.4775,1800.0,46.48582,28.456306324127848,3.121357013131465
2024-11-05 10:26:00,1805.304,1800.0,46.48582,28.20100499164709,3.0933531465887096
2024-11-05 10:28:00,1817.4255,1800.0,46.48582,27.650341501877694,3.032951163067406
2024-11-05 10:36:00,1829.9985,1800.0,46.48582,25.17792558492237,2.7617531841778216
2024-11-05 10:38:00,1818.24,1800.0,46.48582,24.740736895271638,2.713798190758806
2024-11-05 10:40:00,1836.123,1800.0,46.48582,24.29283402184948,2.664667964255284
2024-11-05 10:42:00,1823.4255,1800.0,46.48582,22.36833689643553,2.4535709044071177
2024-11-05 10:44:00,1834.2945,1800.0,46.48582,21.3459491630216,2.3414257410299113
2024-11-05 10:50:00,1821.0015,1800.0,46.48582,20.697685327678016,2.270318027830552
2024-11-05 10:52:00,1828.347,1800.0,46.48582,18.687071838763394,2.049774910152656
2024-11-05 10:56:00,1818.378,1800.0,46.48582,17.80424430716444,1.9529380306309636
2024-11-05 10:58:00,1830.03,1800.0,46.48582,16.378782161923073,1.7965798507139175
2024-11-05 11:00:00,1834.2225,1800.0,46.48582,13.500543466904636,1.4808673884628105
2024-11-05 11:04:00,1828.212,1800.0,46.48582,13.468835356395898,1.4773893427887772
2024-11-05 11:06:00,1821.576,1800.0,46.48582,13.179290844738048,1.4456293602463257
2024-11-05 11:12:00,1817.1525,1800.0,46.48582,11.907260053046434,1.3061009833958392
2024-11-05 11:14:00,1802.391,1800.0,46.48582,12.712144045080269,1.3943882777718448
2024-11-05 11:16:00,1808.763,1800.0,46.48582,9.253002673236812,1.0149569117529211
2024-11-05 11:20:00,1846.908,1800.0,46.48582,10.772834954539912,1.1816665013951537
2024-11-05 11:22:00,1836.225,1800.0,46.48582,11.149004085206904,1.2229282920420805
2024-11-05 11:24:00,1818.924,1800.0,46.48582,11.203143002687804,1.2288667609296982
2024-11-05 11:28:00,1826.454,1800.0,46.48582,10.324427222890689,1.1324808972628655
2024-11-05 11:30:00,1826.2995,1800.0,46.48582,10.175703806602709,1.1161675053152345
2024-11-05 11:36:00,1807.239,1800.0,46.48582,10.876763057805514,1.193066319428265
2024-11-05 11:40:00,1824.018,1800.0,46.48582,10.786196712019315,1.1831321454229144
2024-11-05 11:42:00,1822.272,1800.0,46.48582,10.439686257756227,1.1451235991197568
2024-11-05 11:44:00,1799.8604999999998,1800.0,46.48582,11.734477534839852,1.2871485614332832
2024-11-05 11:48:00,1816.2675,1800.0,46.48582,11.480821125153744,1.2593251255916411
2024-11-05 11:50:00,1797.5055,1800.0,46.48582,12.696725191638977,1.392696991988819
2024-11-05 11:52:00,1801.5435,1800.0,46.48582,13.233893586337866,1.4516187057533454
2024-11-05 11:54:00,1810.38,1800.0,46.48582,13.3804537668627,1.4676948135277101
2024-11-05 11:54:00,1822.908,1800.0,46.48582,13.159136025142633,1.4434185888701685
2024-11-05 11:54:00,1793.9595,1800.0,46.48582,13.689298410833898,1.5015718172557098
2024-11-05 11:54:00,1799.2665,1800.0,46.48582,13.907906270117554,1.525550796358916
2024-11-05 11:54:00,1790.031,1800.0,46.48582,14.877297561260473,1.6318828083429153
2024-11-05 11:54:00,1767.933,1800.0,46.48582,17.975415701418786,1.9717137292693452
2024-11-05 11:54:00,1784.883,1800.0,46.48582,18.820986776716804,2.0644639680360934
2024-11-05 11:54:00,1783.899,1800.0,46.48582,19.712754845180946,2.1622815302622604
2024-11-05 11:54:00,1786.3874999999998,1800.0,46.48582,18.144050396756928,1.9902111787610488
2024-11-05 11:54:00,1789.572,1800.0,46.48582,16.990649574880816,1.8636952598182575
2024-11-05 11:54:00,1792.686,1800.0,46.48582,16.74662703784955,1.8369285583128392
2024-11-05 11:54:00,1775.7555,1800.0,46.48582,16.714096855396445,1.8333603400071363
2024-11-05 11:54:00,1772.772,1800.0,46.48582,16.503661266762947,1.8102777728983936
2024-11-05 11:54:00,1786.4070000000002,1800.0,46.48582,16.477940837363214,1.8074565127610744
2024-11-05 11:54:00,1803.8775,1800.0,46.48582,15.238944325815739,1.6715516484222674
2024-11-05 11:54:00,1800.219,1800.0,46.48582,13.893199544610919,1.5239376235079682
2024-11-05 11:54:00,1778.9295,1800.0,46.48582,14.198097012853127,1.5573816636424715
2024-11-05 11:54:00,1771.4865,1800.0,46.48582,13.821697660489924,1.5160946201008838
2024-11-05 11:54:00,1796.3579999999995,1800.0,46.48582,13.793527403143928,1.5130046396470926
2024-11-05 11:54:00,1770.054,1800.0,46.48582,14.25171835021303,1.563263359443585
2024-11-05 11:54:00,1758.4065,1800.0,46.48582,14.852423112523788,1.6291543433718239
2024-11-05 11:54:00,1775.5454999999995,1800.0,46.48582,12.255306871210326,1.3442780526331362
2024-11-05 11:54:00,1795.3125,1800.0,46.48582,12.317211947735135,1.351068387350447
2024-11-05 11:54:00,1811.352,1800.0,46.48582,13.358591711064593,1.465296776326057
2024-11-05 11:54:00,1795.818,1800.0,46.48582,13.54395911021724,1.4856296271451552
2024-11-05 11:54:00,1803.657,1800.0,46.48582,13.546624246041123,1.4859219644675072
2024-11-05 11:54:00,1780.5,1800.0,46.48582,13.612329733612441,1.4931291642388305
2024-11-05 11:54:00,1778.1015000000002,1800.0,46.48582,13.730721024006426,1.5061154415285014
2024-11-05 11:54:00,1823.811,1800.0,46.48582,16.107616341599147,1.766835816989064
2024-11-05 11:54:00,1833.222,1800.0,46.48582,19.021085377679462,2.086412676498759
2024-11-05 11:54:00,1798.9935,1800.0,46.48582,19.116288693899786,2.0968554773096892
2024-11-05 11:54:00,1818.3705,1800.0,46.48582,19.74750440747475,2.1660931911550536
2024-11-05 11:54:00,1823.7705,1800.0,46.48582,20.328403956952037,2.229811751885771
2024-11-05 11:54:00,1837.5015,1800.0,46.48582,22.280771487682795,2.4439659015791038
2024-11-05 11:54:00,1854.3825,1800.0,46.48582,25.621672430046935,2.8104275381613575
2024-11-05 11:54:00,1859.37,1800.0,45.21879,28.826597241034285,3.161974025656551
2024-11-05 11:54:00,1813.2585,1800.0,42.35689,28.320011701918258,3.1064069289553853
2024-11-05 11:54:00,1848.279,1800.0,42.35689,28.744880809871525,3.1530105940504716
2024-11-05 11:54:00,1827.798,1800.0,42.35689,28.88779657362198,3.168686947699058
2024-11-05 11:54:00,1803.564,1800.0,41.83401,27.357322023546097,3.0008100132900384
2024-11-05 11:54:00,1811.802,1800.0,41.83401,24.278912210888905,2.6631408882608696
2024-11-05 11:54:00,1803.213,1800.0,41.83401,22.663806958915952,2.4859808574484115
2024-11-05 11:54:00,1802.1465,1800.0,41.83401,22.383625333040907,2.455247884837201
2024-11-05 11:54:00,1801.701,1800.0,41.83401,22.602174314361836,2.4792204056481824
2024-11-05 11:54:00,1772.7495,1800.0,41.83401,24.215355245486293,2.656169358736513
2024-11-05 11:54:00,1773.774,1800.0,41.83401,25.809192533747826,2.8309965179903958
2024-11-05 11:54:00,1786.8494999999998,1800.0,41.83401,25.42041370558592,2.7883515763729636
2024-11-05 11:54:00,1783.5225,1800.0,41.83401,25.04778345740253,2.7474779638519333
2024-11-05 11:54:00,1774.8375,1800.0,41.83401,26.386355482409563,2.8943052129771885
2024-11-05 11:54:00,1808.3595,1800.0,41.83401,25.887857006662173,2.839625181929373
2024-11-05 11:54:00,1819.932,1800.0,41.83401,25.833615396506424,2.833675448737204
2024-11-05 11:54:00,1774.4655000000002,1800.0,41.83401,27.03501661991067,2.9654565060376017
2024-11-05 11:54:00,1768.5405,1800.0,41.83401,28.247297293759488,3.098430924435444
2024-11-05 11:54:00,1778.4405,1800.0,41.83401,27.89903692851967,3.060230431333663
2024-11-05 11:54:00,1777.0320000000002,1800.0,41.83401,25.729179509339424,2.822219932159674
2024-11-05 11:54:00,1784.6715,1800.0,41.83401,21.681389798312036,2.3782200448136495
2024-11-05 11:54:00,1792.8735,1800.0,41.83401,21.290460468359544,2.335339215805586
2024-11-05 11:54:00,1770.36,1800.0,41.83401,17.82199335525683,1.9548849142183329
2024-11-05 11:54:00,1792.398,1800.0,41.83401,15.573472968889444,1.7082459162677786
2024-11-05 11:54:00,1771.1805,1800.0,41.83401,15.669462999152968,1.7187750113211204
2024-11-05 11:54:00,1793.0010000000002,1800.0,41.83401,14.662780063830118,1.60835249884256
2024-11-05 11:54:00,1775.1839999999995,1800.0,41.83401,14.316949926858102,1.570418576179008
2024-11-05 11:54:00,1777.2375000000002,1800.0,41.83401,13.83128834050442,1.5171466166595011
2024-11-05 11:54:00,1773.2115,1800.0,41.83401,13.35553599240297,1.464961596181242
2024-11-05 11:54:00,1753.596,1800.0,41.83401,14.704851336165284,1.6129672741917904
2024-11-05 11:54:00,1757.754,1800.0,41.83401,15.557898582148349,1.7065375701203265
2024-11-05 11:54:00,1761.7035,1800.0,41.83401,16.041000067189795,1.7595287134968576
2024-11-05 11:54:00,1763.2575000000002,1800.0,41.83401,16.403821353905784,1.7993263862835078
2024-11-05 11:54:00,1750.848,1800.0,41.83401,17.51744183384989,1.9214788208070672
2024-11-05 11:54:00,1755.645,1800.0,42.48373,16.52010319406241,1.8120812791054541
2024-11-05 11:54:00,1755.807,1800.0,42.48373,13.126238638410564,1.4398100921236043
2024-11-05 11:54:00,1735.902,1800.0,42.7296,15.298710173780567,1.6781073323035796
2024-11-05 11:54:00,1754.139,1800.0,44.91275,15.677130651480239,1.7196160720017781
2024-11-05 11:54:00,1765.731,1800.0,44.91275,15.518825079214132,1.7022516184925176
2024-11-05 11:54:00,1744.617,1800.0,45.57749,16.211534810689862,1.7782345782546871
2024-11-05 11:54:00,1775.625,1800.0,46.77705,15.797460253002308,1.7328149616018582
2024-11-05 11:54:00,1792.494,1800.0,48.67968,15.763678747855229,1.7291094863794623
2024-11-05 11:54:00,1811.2845,1800.0,48.67968,18.7372074419184,2.055274257634123
2024-11-05 11:54:00,1811.631,1800.0,48.67968,20.467300623520877,2.2450472529152083
2024-11-05 11:54:00,1811.73,1800.0,48.67968,22.593425943175173,2.478260801494153
2024-11-05 11:54:00,1829.085,1800.0,48.67968,25.67209989252587,2.815958899535887
2024-11-05 11:54:00,1859.0445,1800.0,48.67968,32.11724608618959,3.522923536586911
2024-11-05 11:54:00,1816.749,1800.0,48.67968,33.32404367147055,3.65529651793386
2024-11-05 11:54:00,1815.2625,1800.0,48.67968,34.25370170679447,3.757270210349166
2024-11-05 11:54:00,1810.2255,1800.0,48.67968,34.20143148839717,3.7515367180640484
2024-11-05 11:54:00,1807.8525,1800.0,48.67968,34.01776322873713,3.7313902449466494
2024-11-05 11:54:00,1831.8255,1800.0,48.67968,34.936196017839585,3.832132646110786
2024-11-05 11:54:00,1818.18,1800.0,48.67968,34.887171673616415,3.8267551920268934
2024-11-05 11:54:00,1845.2715,1800.0,48.03453,35.3140820857628,3.8735827666865785
2024-11-05 11:54:00,1834.02,1800.0,48.03453,34.780681506548326,3.815074342586301
2024-11-05 11:54:00,1816.068,1800.0,48.03453,33.20451796101066,3.642185806714212
2024-11-05 11:54:00,1820.214,1800.0,48.03453,29.165215007497576,3.1991168272584907
2024-11-05 11:54:00,1827.648,1800.0,48.03453,26.452758011253646,2.9015888708327195
2024-11-05 11:54:00,1796.8515000000002,1800.0,48.03453,24.410163820305762,2.6775378070623352
2024-11-05 11:54:00,1829.4225,1800.0,48.03453,18.385011757630192,2.016642101491795
2024-11-05 11:54:00,1812.2115,1800.0,48.03453,15.545060785119212,1.705129399033973
2024-11-05 11:54:00,1805.172,1800.0,48.03453,14.600460936213175,1.6015167470825202
2024-11-05 11:54:00,1818.789,1800.0,48.03453,14.447127376339306,1.584697670951937
2024-11-05 11:54:00,1802.277,1800.0,48.03453,14.905842946970694,1.635013936426239
2024-11-05 11:54:00,1828.1865,1800.0,48.03453,14.856478607518989,1.6295991884476677
2024-11-05 11:54:00,1821.4605,1800.0,47.36356,14.741355349269483,1.6169713798551324
2024-11-05 11:54:00,1829.034,1800.0,47.36356,11.901270015042511,1.3054439393325832
2024-11-05 11:54:00,1836.783,1800.0,47.36356,12.500104231666208,1.3711297441053762
2024-11-05 11:54:00,1818.7095,1800.0,47.36356,12.450107704665895,1.3656456518128948
2024-11-05 11:54:00,1818.9795,1800.0,47.36356,12.221285505426398,1.3405462672258384
2024-11-05 11:54:00,1806.336,1800.0,47.36356,12.311183185763891,1.350407095675937
2024-11-05 11:54:00,1841.3865,1800.0,47.36356,12.929026477038308,1.418177995675016
2024-11-05 11:54:00,1836.0255,1800.0,47.36356,13.308944759659187,1.4598510287935154
2024-11-05 11:54:00,1803.168,1800.0,46.10573,12.794492717233341,1.403421059553826
2024-11-05 11:54:00,1828.482,1800.0,46.10573,12.535530728452269,1.3750156575803831
2024-11-05 11:54:00,1830.0225,1800.0,46.10573,12.700612379450208,1.3931233755397179
2024-11-05 11:54:00,1812.687,1800.0,46.10573,12.822279761369925,1.4064690055557418
2024-11-05 11:54:00,1780.4595,1800.0,46.10573,15.448669982159416,1.694556343438039
2024-11-05 11:54:00,1799.5859999999998,1800.0,46.10573,15.264305928845365,1.6743335490870652
2024-11-05 11:54:00,1810.1835,1800.0,46.10573,15.109281634058155,1.6573290171485846
2024-11-05 11:54:00,1821.5415000000005,1800.0,46.10573,15.097781984970643,1.6560676267938772
2024-11-05 11:54:00,1809.1035,1800.0,46.10573,14.954234715740741,1.6403220036471824
2024-11-05 11:54:00,1814.028,1800.0,46.10573,14.973199299056205,1.642402218642712
2024-11-05 11:54:00,1816.2885,1800.0,46.10573,14.54907419544782,1.5958801629860837
2024-11-05 11:54:00,1795.3065,1800.0,46.10573,15.19534202685421,1.6667689355816755
2024-11-05 11:54:00,1847.5335,1800.0,46.10573,16.690164128672222,1.8307351720196567
2024-11-05 11:54:00,1839.594,1800.0,46.10573,17.223371407538423,1.8892223931081713
2024-11-05 11:54:00,1838.769,1800.0,45.57663,17.34080505324487,1.9021036268645224
2024-11-05 11:54:00,1834.65,1800.0,45.57663,17.717558554091525,1.9434295167637474
2024-11-05 11:54:00,1840.605,1800.0,43.71721,18.351517678093053,2.012968153830746
2024-11-05 11:54:00,1820.343,1800.0,41.86794,18.055945721486033,1.9805470240772307
2024-11-05 11:54:00,1779.951,1800.0,41.86794,19.56576670244527,2.1461584795420006
2024-11-05 11:54:00,1815.5115,1800.0,41.86794,19.098590623305984,2.094914185416861
2024-11-05 11:54:00,1809.4455,1800.0,41.86794,18.911867039463306,2.074432575424836
2024-11-05 11:54:00,1787.3535,1800.0,41.86794,19.834635065482274,2.1756505064064693
2024-11-05 11:54:00,1799.9489999999998,1800.0,41.86794,19.787539692348542,2.170484640129145
2024-11-05 11:54:00,1766.1525,1800.0,41.86794,22.461292358934514,2.4637671393462277
2024-11-05 11:54:00,1782.3629999999998,1800.0,41.86794,22.327288376027493,2.449068314169478
2024-11-05 11:54:00,1755.723,1800.0,41.86794,25.481613162858775,2.795064512092119
2024-11-05 11:54:00,1763.1570000000002,1800.0,41.86794,27.479382813721422,3.014198796047099
2024-11-05 11:54:00,1745.7329999999995,1800.0,41.86794,30.419962060083254,3.3367493600153355
2024-11-05 11:54:00,1775.1195,1800.0,41.86794,31.009110038487513,3.401372686501147
2024-11-05 11:54:00,1748.8395,1800.0,41.86794,32.97337998050742,3.6168324053195575
2024-11-05 11:54:00,1759.491,1800.0,41.86794,33.76261433738324,3.703403099589526
2024-11-05 11:54:00,1764.2219999999998,1800.0,41.86794,34.46937899768924,3.7809277369740037
2024-11-05 11:54:00,1778.5890000000002,1800.0,42.45695,32.17610932979347,3.5293802142788735
2024-11-05 11:54:00,1748.8755,1800.0,42.45695,31.238769881470585,3.426563951782195
2024-11-05 11:54:00,1776.8429999999998,1800.0,42.45695,28.6695855808194,3.1447515006677897
2024-11-05 11:54:00,1775.0415000000005,1800.0,42.45695,25.94801532599739,2.8462239157852833
2024-11-05 11:54:00,1784.0535,1800.0,42.45695,21.68968643296161,2.3791300982286594
2024-11-05 11:54:00,1771.317,1800.0,42.45695,19.133890127404655,2.0987861691319445
2024-11-05 11:54:00,1772.2485,1800.0,42.45695,19.093469013343764,2.0943523987607855
2024-11-05 11:54:00,1757.2620000000002,1800.0,42.45695,16.72394992084696,1.8344411174838227
2024-11-05 11:54:00,1794.03,1800.0,42.45695,15.143704115741857,1.6611048007442832
2024-11-05 11:54:00,1772.13,1800.0,42.45695,14.61577305110235,1.6031963247708823
2024-11-05 11:54:00,1803.1515,1800.0,42.45695,14.979283486847907,1.6430695899458083
2024-11-05 11:54:00,1776.144,1800.0,42.45695,15.02069959237852,1.6476125003988407
2024-11-05 11:54:00,1788.4155,1800.0,42.45695,15.335955843784355,1.6821927899153613
2024-11-05 11:54:00,1768.6155,1800.0,42.45695,14.947315238855872,1.6395630099304372
2024-11-05 11:54:00,1775.1735,1800.0,42.45695,14.849718151245733,1.6288576376167152
2024-11-05 11:54:00,1782.7005,1800.0,42.45695,13.694749803529943,1.502169777603385
2024-11-05 11:54:00,1788.7095,1800.0,42.45695,14.104449165430845,1.5471094813716346
2024-11-05 11:54:00,1772.103,1800.0,42.45695,12.793188160124162,1.4032779633826156
2024-11-05 11:54:00,1753.8915,1800.0,42.45695,13.215270429843539,1.4495759416831215
2024-11-05 11:54:00,1766.922,1800.0,42.45695,13.110861152703665,1.4381233439452275
2024-11-05 11:54:00,1777.4175,1800.0,42.45695,13.098055200670702,1.4367186659194633
2024-11-05 11:54:00,1777.4175,1800.0,42.45695,11.534490679687632,1.265212110308767
2024-11-05 11:54:00,1787.5755,1800.0,42.45695,11.789346228120761,1.2931670790378857
2024-11-05 11:54:00,1782.1260000000002,1800.0,42.45695,11.826944042281788,1.2972911631538353
2024-11-05 11:54:00,1790.457,1800.0,42.45695,12.095326842135238,1.326729928852535
2024-11-05 11:54:00,1806.1365,1800.0,42.45695,13.521242812224656,1.483137888574313
2024-11-05 11:54:00,1791.8355,1800.0,42.45695,13.666918204969843,1.4991169444505958
2024-11-05 11:54:00,1782.8925,1800.0,42.45695,12.515479056463215,1.3728162004099713
2024-11-05 11:54:00,1793.454,1800.0,42.45695,12.48670782670964,1.3696602996143856
2024-11-05 11:54:00,1785.0105,1800.0,42.45695,12.288866868783463,1.34795923080828
2024-11-05 11:54:00,1787.9295,1800.0,42.45695,11.380835902736138,1.2483578000488285
2024-11-05 11:54:00,1794.6374999999998,1800.0,42.45695,11.649802430541708,1.2778605945542314
2024-11-05 11:54:00,1784.5185,1800.0,42.45695,11.581052759032731,1.2703194798757926
2024-11-05 11:54:00,1805.3475,1800.0,42.45695,12.1651185594459,1.3343853449773402
2024-11-05 11:54:00,1790.3265,1800.0,42.45695,12.037157279685816,1.320349340675202
2024-11-05 11:54:00,1783.3004999999998,1800.0,42.45695,12.031686328283692,1.3197492349435231
2024-11-05 11:54:00,1797.072,1800.0,42.45695,12.305892164783621,1.349826726415947
2024-11-05 11:54:00,1802.6505,1800.0,42.45695,12.448068754548913,1.3654220004656477
2024-11-05 11:54:00,1780.5015,1800.0,42.45695,9.873790119464026,1.0830507545332935
2024-11-05 11:54:00,1755.432,1800.0,42.45695,11.4035651780748,1.2508509620978179
2024-11-05 11:54:00,1772.8695,1800.0,42.45695,11.663915329004304,1.2794086308344874
2024-11-05 11:54:00,1778.2065,1800.0,42.45695,11.629036039023957,1.2755827401811777
2024-11-05 11:54:00,1790.2620000000002,1800.0,42.45695,11.644074157459517,1.277232263345164
2024-11-05 11:54:00,1815.3675,1800.0,42.45695,13.082863202519784,1.4350522637718437
2024-11-05 11:54:00,1826.6910000000005,1800.0,42.45695,15.517679765251017,1.7021259896167849
2024-11-05 11:54:00,1815.414,1800.0,42.45695,16.114189370752744,1.767556809039557
2024-11-05 11:54:00,1782.8984999999998,1800.0,42.45695,16.233296348300584,1.7806215896701554
2024-11-05 11:54:00,1792.5749999999998,1800.0,42.45695,16.11522597003518,1.7676705130601416
2024-11-05 11:54:00,1790.538,1800.0,42.45695,16.111933590780435,1.767309373741509
2024-11-05 11:54:00,1787.085,1800.0,42.45695,16.074065213964907,1.763155611752771
2024-11-05 11:54:00,1821.537,1800.0,42.45695,17.36596728668232,1.904863658785441
2024-11-05 11:54:00,1797.8505,1800.0,42.45695,17.39323248934581,1.9078543642754213
2024-11-05 11:54:00,1799.6445,1800.0,42.45695,17.30978290210192,1.898700823706251
2024-11-05 11:54:00,1789.5795000000005,1800.0,42.45695,17.13732254872275,1.8797837398312165
2024-11-05 11:54:00,1805.1015,1800.0,42.45695,17.311344943250823,1.8988721631639935
2024-11-05 11:54:00,1775.265,1800.0,42.45695,17.667902087733005,1.9379827255410906
2024-11-05 11:54:00,1814.343,1800.0,42.45695,18.247423251837787,2.001550091917901
2024-11-05 11:54:00,1794.9225,1800.0,42.45695,18.151567021961696,1.9910356733574572
2024-11-05 11:54:00,1805.157,1800.0,42.45695,18.001436168202932,1.9745679003468048
2024-11-05 11:54:00,1800.582,1800.0,42.45695,15.34189227116274,1.6828439534577906
2024-11-05 11:54:00,1795.044,1800.0,42.45695,14.204937655621073,1.558132010087117
2024-11-05 11:54:00,1786.371,1800.0,42.45695,13.686709871717769,1.5012878817852429
2024-11-05 11:54:00,1780.4609999999998,1800.0,42.45695,14.193842187703279,1.55691495414863
2024-11-05 11:54:00,1792.3455,1800.0,42.45695,13.70651025730657,1.5034597754848797
2024-11-05 11:54:00,1792.0395,1800.0,42.45695,11.918510305628814,1.3073350175813563
2024-11-05 11:54:00,1791.621,1800.0,42.45695,11.0262107938849,1.2094591616262171
2024-11-05 11:54:00,1786.311,1800.0,42.45695,10.85831935391368,1.19104323941798
2024-11-05 11:54:00,1790.3490000000002,1800.0,42.45695,10.894953558848806,1.195061625753588
2024-11-05 11:54:00,1802.511,1800.0,42.45695,10.97665198390571,1.2040230822795508
2024-11-05 11:54:00,1815.0705,1800.0,42.45695,11.624709608601748,1.2751081763433285
2024-11-05 11:54:00,1799.5755,1800.0,42.45695,10.103270041869386,1.1082222844224523
2024-11-05 11:54:00,1811.325,1800.0,42.45695,10.686165197537393,1.1721597421283392
2024-11-05 11:54:00,1805.8155,1800.0,42.45695,10.87281573709129,1.1926333399314155
2024-11-05 11:54:00,1802.838,1800.0,42.45695,10.820562491798519,1.186901709417051
2024-11-05 11:54:00,1812.7305,1800.0,42.45695,11.234659307694434,1.2323237675608443
2024-11-05 11:54:00,1807.1595,1800.0,42.45695,10.08193520427686,1.105882077503644
2024-11-05 11:54:00,1799.3595,1800.0,42.45695,9.444035755408256,1.035911228310526
2024-11-05 11:54:00,1799.679,1800.0,42.45695,9.406915613278771,1.031839539784104
2024-11-05 11:54:00,1805.466,1800.0,42.45695,9.418123173747198,1.0330688910944867
2024-11-05 11:54:00,1810.8315,1800.0,42.45695,9.789839998259717,1.073842310661851
2024-11-05 11:54:00,1807.4415,1800.0,42.45695,9.895091415900028,1.0853872823405915
2024-11-05 11:54:00,1789.002,1800.0,42.45695,9.72080787822354,1.066270214355608
2024-11-05 11:54:00,1798.245,1800.0,42.45695,8.576117735043153,0.9407097650976851
2024-11-05 11:54:00,1798.002,1800.0,42.45695,8.366897782139189,0.917760540421603
2024-11-05 11:54:00,1799.6205,1800.0,42.45695,8.094054286744143,0.8878324834159569
2024-11-05 11:54:00,1771.6665000000005,1800.0,42.45695,10.319088394180117,1.1318952839985215
2024-11-05 11:54:00,1791.3375,1800.0,42.45695,10.007999624612392,1.0977721233347166
2024-11-05 11:54:00,1820.202,1800.0,42.45695,10.562217845844089,1.1585640234479098
2024-11-05 11:54:00,1786.497,1800.0,42.45695,11.143854994755127,1.2223634910658105
2024-11-05 11:54:00,1829.8365,1800.0,42.45695,12.49140437563764,1.3701754615530768
2024-11-05 11:54:00,1799.877,1800.0,42.45695,12.488084755395274,1.3698113341850895
2024-11-05 11:54:00,1797.6615000000002,1800.0,42.45695,12.34396696907446,1.3540031313239884
2024-11-05 11:54:00,1780.14,1800.0,42.45695,13.195201324826181,1.4473745722931637
2024-11-05 11:54:00,1794.1395000000002,1800.0,42.45695,13.2531351092145,1.4537292981011443
2024-11-05 11:54:00,1799.2935,1800.0,42.45695,12.906927184225188,1.4157539360721367
2024-11-05 11:54:00,1797.4410000000005,1800.0,42.45695,12.776666782709663,1.4014657423349524
2024-11-05 11:54:00,1802.6115,1800.0,42.45695,12.804998328061501,1.4045734143837956
2024-11-06 12:00:00,1796.6999999999998,1800.0,42.45695,12.813390030296496,1.4054938957113776
2024-11-06 12:04:00,1781.9775,1800.0,42.45695,13.239653303099676,1.4522504860028043
2024-11-06 12:08:00,1797.111,1800.0,42.45695,12.869695459227446,1.411670008080606
2024-11-06 12:12:00,1801.5915,1800.0,42.45695,12.683594341659987,1.3912566760812148
2024-11-06 12:14:00,1787.97,1800.0,42.45695,12.718387305604775,1.3950730976778791
2024-11-06 12:16:00,1807.4025,1800.0,42.45695,12.943719209756582,1.4197896336644964
2024-11-06 12:20:00,1795.4355,1800.0,42.45695,12.94654715155629,1.4200998290872158
2024-11-06 12:30:00,1820.661,1800.0,42.45695,13.989883892033948,1.5345428778389927
2024-11-06 12:38:00,1791.3825000000002,1800.0,42.45695,12.67073818548917,1.3898464911904351
2024-11-06 12:40:00,1813.428,1800.0,42.45695,12.931141939746084,1.418410039647404
2024-11-06 12:44:00,1815.393,1800.0,42.45695,12.576910903258169,1.3795546268114491
2024-11-06 12:46:00,1827.7665,1800.0,42.45695,13.617175645675706,1.4936607097399015
2024-11-06 12:48:00,1819.062,1800.0,42.45695,12.630808654887202,1.3854666423458284
2024-11-06 12:52:00,1818.8535,1800.0,42.45695,13.213472450173558,1.4493787222552579
2024-11-06 12:54:00,1785.753,1800.0,42.45695,13.693148000389852,1.501994076674107
2024-11-06 01:00:00,1810.638,1800.0,42.45695,12.836516492230388,1.4080306249454546
2024-11-06 01:02:00,1783.9005000000002,1800.0,42.45695,13.409558147084656,1.4708872574198963
2024-11-06 01:06:00,1788.828,1800.0,42.45695,13.750119364340163,1.5082432350992532
2024-11-06 01:08:00,1793.5335,1800.0,42.45695,13.848636730266774,1.519049552249049
2024-11-06 01:12:00,1794.1950000000002,1800.0,42.45695,13.956532942899544,1.5308846300752272
2024-11-06 01:16:00,1790.1225,1800.0,42.45695,14.153661687743986,1.5525075766095175
2024-11-06 01:18:00,1793.6805,1800.0,42.45695,13.543712575643072,1.4856025848996404
2024-11-06 01:20:00,1822.6005,1800.0,42.45695,14.256290483111506,1.5637648742545753
2024-11-06 01:24:00,1800.0749999999998,1800.0,42.45695,14.268818715998911,1.5651390894158763
2024-11-06 01:26:00,1795.344,1800.0,42.45695,13.950810269338817,1.530256913074673
2024-11-06 01:30:00,1790.739,1800.0,42.45695,14.194821124989234,1.557022333255677
2024-11-06 01:34:00,1782.393,1800.0,42.45695,14.825404584789073,1.6261906955227798
2024-11-06 01:36:00,1789.9695000000002,1800.0,42.45695,14.364419190520431,1.5756254543083372
2024-11-06 01:40:00,1801.8495,1800.0,42.45695,14.209078953147358,1.5585862667966808
2024-11-06 01:42:00,1801.5195,1800.0,42.45695,13.902955398992946,1.5250077379545721
2024-11-06 01:48:00,1792.008,1800.0,42.45695,13.546551372079923,1.4859139709616995
2024-11-06 01:50:00,1796.9565,1800.0,42.45695,11.753153895762233,1.2891971614687494
2024-11-06 01:52:00,1801.914,1800.0,42.45695,10.6818152681928,1.1716826007062686
2024-11-06 01:56:00,1785.492,1800.0,42.45695,9.597222864865412,1.052714240373269
2024-11-06 01:58:00,1792.9575,1800.0,42.45695,9.361195503112649,1.026824525365765
2024-11-06 02:04:00,1791.0660000000005,1800.0,42.45695,8.687082823615166,0.9528814662834194
2024-11-06 02:06:00,1810.1055,1800.0,42.45695,8.982242799435975,0.9852574060849542
2024-11-06 02:10:00,1796.7405,1800.0,42.45695,8.833529144058794,0.9689450848064052
2024-11-06 02:12:00,1795.6995000000002,1800.0,42.45695,8.812846976938546,0.9666764689624436
2024-11-06 02:16:00,1781.9085,1800.0,42.45695,9.375477829092773,1.0283911460597548
2024-11-06 02:18:00,1786.143,1800.0,42.45695,9.539905628574202,1.046427143396133
2024-11-06 02:22:00,1774.1805,1800.0,42.45695,10.66166056395814,1.1694718419839707
2024-11-06 02:24:00,1764.6915,1800.0,42.45695,10.485641440462063,1.1501643985191847
2024-11-06 02:28:00,1776.2115,1800.0,42.45695,10.821375547239654,1.1869908930333064
2024-11-06 02:30:00,1771.908,1800.0,42.45695,11.504529290111824,1.2619256615191603
2024-11-06 02:34:00,1773.12,1800.0,42.45695,12.044226070707646,1.3211247125797292
2024-11-06 02:38:00,1774.8015,1800.0,42.45695,12.357125990041741,1.355446537292223
2024-11-06 02:40:00,1775.196,1800.0,42.45695,12.668452881810053,1.3895958174527863
2024-11-06 02:44:00,1777.908,1800.0,42.45695,12.340563769732649,1.3536298362093078
2024-11-06 02:46:00,1779.3870000000002,1800.0,42.45695,11.861154575146017,1.301043698196944
2024-11-06 02:50:00,1802.166,1800.0,42.45695,12.386502356777282,1.3586688152395392
2024-11-06 02:52:00,1771.656,1800.0,42.45695,12.438948949595666,1.3644216539405234
2024-11-06 02:54:00,1786.986,1800.0,42.45695,11.7463083590289,1.2884462782076591
2024-11-06 03:00:00,1782.4679999999998,1800.0,42.45695,11.73764188018612,1.287495656781008
2024-11-06 03:02:00,1807.77,1800.0,42.45695,12.80059974243566,1.4040909358802718
2024-11-06 03:06:00,1799.013,1800.0,42.45695,13.14987691158071,1.4424029616583056
2024-11-06 03:08:00,1811.571,1800.0,42.45695,13.303818854675233,1.459288771018804
2024-11-06 03:12:00,1797.8475,1800.0,42.45695,13.359714574917936,1.4654199426612624
2024-11-06 03:14:00,1812.258,1800.0,42.45695,14.548428635449456,1.5958093518553158
2024-11-06 03:16:00,1820.8215,1800.0,42.45695,16.5297304921261,1.8131372922782925
2024-11-06 03:22:00,1780.8555,1800.0,42.45695,16.591465547306477,1.8199089774453145
2024-11-06 03:24:00,1808.1915,1800.0,42.45695,16.943223360359102,1.8584931037261259
2024-11-06 03:28:00,1821.222,1800.0,42.45695,17.428339263671834,1.911705207564877
2024-11-06 03:30:00,1782.192,1800.0,42.45695,17.200815986061603,1.8867483009962547
2024-11-06 03:34:00,1811.8725,1800.0,42.45695,17.08107543460824,1.8736140239829984
2024-11-06 03:36:00,1800.1635,1800.0,42.45695,16.409624970280763,1.7999629818580436
2024-11-06 03:40:00,1798.9575,1800.0,42.45695,15.701571197678753,1.722296942435648
2024-11-06 03:42:00,1792.0994999999998,1800.0,42.45695,14.934940119701016,1.6382055897325252
2024-11-06 03:48:00,1796.019,1800.0,42.45695,14.231660341705622,1.5610632072238653
2024-11-06 03:50:00,1781.67,1800.0,42.45695,14.08138853986435,1.5445799736934667
2024-11-06 03:52:00,1783.7325,1800.0,42.45695,14.413685556551211,1.5810294556347948
2024-11-06 03:56:00,1791.291,1800.0,42.45695,13.18664766492651,1.4464363259160102
2024-11-06 03:58:00,1784.3505,1800.0,42.45695,13.31869375352169,1.4609203907134036
2024-11-06 04:00:00,1809.687,1800.0,42.45695,13.011694930354306,1.427245854081637
2024-11-06 04:04:00,1808.8995,1800.0,42.45695,13.051506830205348,1.431612800072121
2024-11-06 04:08:00,1799.52,1800.0,42.45695,13.050726000452869,1.4315271512744099
2024-11-06 04:12:00,1818.087,1800.0,42.45695,13.439245395950522,1.4741436358617281
2024-11-06 04:14:00,1815.156,1800.0,42.45695,13.845385396360475,1.5186929151727238
2024-11-06 04:18:00,1807.698,1800.0,42.45695,13.6842844450762,1.5010218380348255
2024-11-06 04:20:00,1806.366,1800.0,42.45695,12.921881343672307,1.4173942498196093
2024-11-06 04:22:00,1803.93,1800.0,42.45695,12.138198181450592,1.3314324631206897
2024-11-06 04:24:00,1813.641,1800.0,42.45695,12.365851606740673,1.3564036455186699
2024-11-06 04:26:00,1795.101,1800.0,42.45695,11.503422894807748,1.261804301610311
2024-11-06 04:32:00,1803.6885,1800.0,42.45695,10.727950083779511,1.1767431039402743
2024-11-06 04:36:00,1772.835,1800.0,42.45695,12.124536307876149,1.329933899519062
2024-11-06 04:38:00,1788.7244999999998,1800.0,42.45695,12.341802298733088,1.3537656897926031
2024-11-06 04:40:00,1801.935,1800.0,42.45695,12.364625815207297,1.3562691891013205
2024-11-06 04:44:00,1806.264,1800.0,42.45695,12.371020491963584,1.3569706177727927
2024-11-06 04:46:00,1790.8469999999998,1800.0,42.45695,12.499460985513556,1.3710591867791064
2024-11-06 04:48:00,1805.7015,1800.0,42.45695,11.867630327583448,1.3017540200164959
2024-11-06 04:52:00,1806.048,1800.0,42.45695,11.2539672717965,1.2344416478111062
2024-11-06 04:56:00,1811.4285,1800.0,42.45695,11.194268856265996,1.2278933605574307
2024-11-06 04:58:00,1778.3010000000002,1800.0,42.45695,11.776924855832362,1.291804585358506
2024-11-06 05:02:00,1833.564,1800.0,42.45695,13.639533971507609,1.496113182535997
2024-11-06 05:04:00,1800.168,1800.0,42.45695,13.59345677193894,1.4910589991721788
2024-11-06 05:08:00,1812.0585,1800.0,42.45695,13.715518354535217,1.5044478688494696
2024-11-06 05:10:00,1808.3579999999995,1800.0,42.45695,13.341232193029779,1.4633926200822576
2024-11-06 05:14:00,1794.768,1800.0,42.45695,13.148328644513496,1.442233133072213
2024-11-06 05:16:00,1808.301,1800.0,42.45695,13.162593800612521,1.4437978704111327
2024-11-06 05:22:00,1792.692,1800.0,42.45695,13.28399393163516,1.4571141858192678
2024-11-06 05:26:00,1812.8835,1800.0,42.45695,13.521852904214535,1.4832048092382097
2024-11-06 05:28:00,1807.7475,1800.0,42.45695,13.314351756535899,1.4604441193875253
2024-11-06 05:32:00,1786.0454999999995,1800.0,42.45695,13.6944907419606,1.5021413612784733
2024-11-06 05:34:00,1785.9345,1800.0,42.45695,14.08883779479235,1.5453970784802677
2024-11-06 05:38:00,1823.589,1800.0,42.45695,13.451168430858027,1.475451467180468
2024-11-06 05:40:00,1804.137,1800.0,42.45695,13.03946088475945,1.430291486762197
2024-11-06 05:44:00,1802.1525,1800.0,42.45695,13.038143734828205,1.4301470092910729
2024-11-06 05:46:00,1795.9155,1800.0,42.45695,13.129766276907963,1.4401970369026713
2024-11-06 05:50:00,1805.244,1800.0,42.45695,12.81750202680984,1.4059449384085114
2024-11-06 05:52:00,1802.739,1800.0,42.45695,12.81090173857025,1.4052209563234621
2024-11-06 05:56:00,1796.7464999999995,1800.0,42.45695,12.886113472584888,1.413470891180163
2024-11-06 05:58:00,1799.6955,1800.0,42.45695,12.755262235515227,1.3991178890072136
2024-11-06 06:00:00,1803.741,1800.0,42.45695,11.406783178715278,1.2512039428660526
2024-11-06 06:04:00,1798.4204999999995,1800.0,42.45695,9.047122360324707,0.9923740104004349
2024-11-06 06:10:00,1806.0135,1800.0,42.45695,9.076922613327831,0.9956427842056118
2024-11-06 06:12:00,1830.09,1800.0,42.45695,10.819297481086915,1.1867629510690287
2024-11-06 06:14:00,1812.222,1800.0,42.45695,10.948834754873007,1.2009718253125325
2024-11-06 06:16:00,1826.0985,1800.0,42.45695,11.84530932287673,1.2993056409546504
2024-11-06 06:20:00,1800.9165000000005,1800.0,42.45695,11.852757156926879,1.3001225898861202
2024-11-06 06:22:00,1841.2155,1800.0,42.45695,14.040295879768763,1.5400725417971202
2024-11-06 06:24:00,1823.7329999999995,1800.0,42.45695,14.479170944479925,1.5882125127941007
2024-11-06 06:26:00,1810.326,1800.0,42.45695,14.491841540996052,1.5896023437456546
2024-11-06 06:32:00,1818.465,1800.0,42.45695,13.72954955225676,1.5059869434191597
2024-11-06 06:36:00,1825.3005,1800.0,42.45695,12.995148573398303,1.4254308930414332
2024-11-06 06:38:00,1826.1555,1800.0,42.45695,13.134417513453775,1.440707228550408
2024-11-06 06:40:00,1817.5995,1800.0,42.45695,13.08389746375508,1.4351657113332885
2024-11-06 06:44:00,1835.655,1800.0,42.45695,13.85962857392546,1.520255241698006
2024-11-06 06:46:00,1830.6255,1800.0,42.45695,13.672262388222993,1.4997031450518503
2024-11-06 06:48:00,1844.424,1800.0,42.45695,14.872113151864848,1.6313141332505947
2024-11-06 06:50:00,1832.6835,1800.0,41.836,14.814087627638662,1.6249493445488907
2024-11-06 06:56:00,1823.742,1800.0,41.836,13.879508296377463,1.5224358378157126
2024-11-06 06:58:00,1825.2315,1800.0,41.836,13.027254328875214,1.4289525561792373
2024-11-06 07:00:00,1815.2745,1800.0,41.836,12.435380888072103,1.3640302751813482
2024-11-06 07:04:00,1828.4025,1800.0,41.836,11.158239755060471,1.223941347726119
2024-11-06 07:06:00,1813.6245,1800.0,41.836,10.64077211965658,1.1671805997063742
2024-11-06 07:08:00,1818.7575,1800.0,41.836,10.60608532979352,1.1633758242879186
2024-11-06 07:14:00,1811.3115,1800.0,41.836,10.658966752277221,1.1691763592222055
2024-11-06 07:18:00,1836.672,1800.0,41.836,11.050843204871104,1.2121610776059777
2024-11-06 07:20:00,1814.943,1800.0,41.836,9.892803633254832,1.08513633668648
2024-11-06 07:22:00,1834.8375,1800.0,41.836,9.424345573250061,1.0337514227662203
2024-11-06 07:26:00,1825.047,1800.0,41.836,9.424117718851678,1.0337264295391912
2024-11-06 07:28:00,1814.868,1800.0,41.836,9.115418785300184,0.9998654087091559
2024-11-06 07:30:00,1813.9875,1800.0,41.836,9.328609697659902,1.0232502058029964
2024-11-06 07:34:00,1831.6065,1800.0,41.836,9.4641990753914,1.0381229320896648
2024-11-06 07:36:00,1826.247,1800.0,41.836,9.464924930879908,1.0382025507897787
2024-11-06 07:38:00,1767.69,1800.0,41.28185,15.869488149200443,1.7407156629922045
2024-11-06 07:42:00,1787.634,1800.0,41.28185,17.307243328848045,1.898422259275012
2024-11-06 07:46:00,1796.0895,1800.0,41.28185,17.891766594597424,1.9625383035044892
2024-11-06 07:48:00,1773.39,1800.0,41.28185,19.390116977655623,2.12689155522365
2024-11-06 07:50:00,1773.447,1800.0,41.28185,20.944661882470584,2.2974087539634507
2024-11-06 07:52:00,1794.8325,1800.0,41.28185,21.06275427038411,2.3103622447999896
2024-11-06 07:54:00,1786.4865,1800.0,41.28185,21.386254114731443,2.3458467696149445
2024-11-06 07:56:00,1793.973,1800.0,41.28185,21.548211791786684,2.3636118205442083
2024-11-06 07:58:00,1781.0280000000002,1800.0,41.28185,21.69728188462684,2.379963239257334
2024-11-06 08:00:00,1786.0304999999998,1800.0,41.28185,21.983634447779615,2.411373098676342
2024-11-06 08:06:00,1801.584,1800.0,41.28185,21.68740936428945,2.378880327784517
2024-11-06 08:08:00,1790.556,1800.0,41.28185,21.744384212988052,2.3851298684498388
2024-11-06 08:10:00,1775.2065,1800.0,41.28185,20.843730565936767,2.2863376518633056
2024-11-06 08:14:00,1774.02225,1800.0,41.90757,21.148238785120167,2.3197389954768433
2024-11-06 08:16:00,1783.4625,1800.0,41.90757,19.274435941179863,2.1142025642359554
2024-11-06 08:18:00,1778.1255,1800.0,41.90757,18.09824470485258,1.9851867769276406
2024-11-06 08:20:00,1781.6295,1800.0,42.4622,17.35146415126964,1.9032728176229536
2024-11-06 08:22:00,1755.7979999999998,1800.0,42.4622,17.959275778445225,1.9699433497551841
2024-11-06 08:24:00,1781.7675,1800.0,42.4622,14.574367382342421,1.5986545591216414
2024-11-06 08:26:00,1755.342,1800.0,42.4622,12.321868105206411,1.3515791187718642
2024-11-06 08:30:00,1749.9915,1800.0,42.4622,13.860351174379096,1.5203345033550866
2024-11-06 08:32:00,1779.8864999999998,1800.0,42.4622,13.74412427948797,1.5075856374499108
2024-11-06 08:34:00,1742.1075,1800.0,42.4622,15.527058392301253,1.7031547261992266
2024-11-06 08:38:00,1774.4355,1800.0,42.4622,15.516257352015819,1.7019699658701788
2024-11-06 08:40:00,1771.7415,1800.0,42.4622,15.541394814868365,1.7047272807188947
2024-11-06 08:44:00,1743.7785,1800.0,44.29494,16.59792666933409,1.8206176944630423
2024-11-06 08:46:00,1757.7329999999995,1800.0,44.87919,16.735855352225283,1.8357470178808668
2024-11-06 08:48:00,1776.4964999999995,1800.0,46.18975,16.019114458969444,1.7571280928426118
2024-11-06 08:50:00,1756.6935,1800.0,47.45409,16.22305551184379,1.7794982777992943
2024-11-06 08:56:00,1821.6225,1800.0,48.04536,19.583559251343285,2.1481101347094604
2024-11-06 08:58:00,1803.2655,1800.0,48.04536,19.717695297647534,2.1628234458495816
2024-11-06 09:00:00,1783.0845,1800.0,48.04536,19.429927898011567,2.131258393773841
2024-11-06 09:04:00,1799.9339999999995,1800.0,48.04536,20.38713109907475,2.2362535006790947
2024-11-06 09:06:00,1793.1165,1800.0,48.04536,20.85238798366771,2.2872872793814487
2024-11-06 09:08:00,1799.886,1800.0,48.04536,21.53606023900636,2.362278923222284
2024-11-06 09:12:00,1798.602,1800.0,48.04536,22.154219713666038,2.4300845052076956
2024-11-06 09:16:00,1795.5479999999998,1800.0,48.04536,22.54411570529837,2.4728519878883817
2024-11-06 09:18:00,1788.8355,1800.0,48.04536,22.11184795213199,2.4254367693590377
2024-11-06 09:20:00,1810.9515,1800.0,48.04536,23.258605888104878,2.5512240337018506
2024-11-06 09:24:00,1794.3795,1800.0,48.04536,22.69817370376865,2.489750527300943
2024-11-06 09:26:00,1796.6565,1800.0,48.04536,21.595043116957907,2.3687487235418225
2024-11-06 09:30:00,1771.446,1800.0,48.04536,21.770430241021806,2.3879868433270888
2024-11-06 09:34:00,1787.8545,1800.0,48.04536,19.41090412826102,2.1291716866499186
2024-11-06 09:36:00,1777.3545,1800.0,48.04536,19.327771890134297,2.12005295593559
2024-11-06 09:40:00,1791.495,1800.0,48.04536,19.03920343333382,2.0884000363281365
2024-11-06 09:42:00,1805.1975,1800.0,48.04536,16.396613999688544,1.7985358154562243
2024-11-06 09:44:00,1786.4385000000002,1800.0,48.04536,14.52640338415212,1.5933934138266816
2024-11-06 09:48:00,1798.272,1800.0,48.04536,14.118053250584142,1.5486017061922706
2024-11-06 09:50:00,1772.0475,1800.0,48.04536,12.344089777874098,1.3540166021555031
2024-11-06 09:52:00,1794.0825,1800.0,48.04536,10.47097690973638,1.1485558539911802
2024-11-06 09:56:00,1786.122,1800.0,48.04536,10.235675940457384,1.1227458165854158
2024-11-06 09:58:00,1762.2734999999998,1800.0,48.04536,12.041679170267313,1.3208453444333288
2024-11-06 10:04:00,1777.6425,1800.0,48.04536,12.156018825735542,1.3333872000561078
2024-11-06 10:08:00,1790.106,1800.0,48.04536,12.126310346891945,1.3301284929093793
2024-11-06 10:10:00,1784.3805,1800.0,48.04536,11.904805117309618,1.305831702808555
2024-11-06 10:14:00,1764.6855,1800.0,48.04536,12.771803228523153,1.4009322616788231
2024-11-06 10:16:00,1757.9775,1800.0,48.04536,14.108646465427725,1.5475698809622298
2024-11-06 10:20:00,1772.1285000000005,1800.0,48.04536,14.356408233813537,1.5747467367539878
2024-11-06 10:22:00,1774.806,1800.0,48.04536,13.006547372897634,1.42668122125878
2024-11-06 10:24:00,1781.6715,1800.0,48.04536,12.69025764390545,1.391987570138848
2024-11-06 10:30:00,1782.498,1800.0,48.04536,12.193178658670641,1.3374632422457584
2024-11-06 10:32:00,1772.3205,1800.0,48.04536,12.158921447808234,1.333705587118008
2024-11-06 10:36:00,1776.8355,1800.0,48.04536,12.07983136265954,1.3250302380007994
2024-11-06 10:38:00,1763.1915,1800.0,48.04536,12.669537696267506,1.3897148101701173
2024-11-06 10:40:00,1769.5170000000005,1800.0,48.04536,12.545966818287722,1.376160386689865
2024-11-06 10:44:00,1784.0805,1800.0,48.04536,10.981675032947972,1.2045740578410586
2024-11-06 10:46:00,1801.6214999999995,1800.0,48.04536,12.096400379116679,1.3268476845495571
2024-11-06 10:52:00,1783.9425,1800.0,48.04536,11.246515252673305,1.2336242398212136
2024-11-06 10:54:00,1774.272,1800.0,48.04536,11.199650768183348,1.2284836995956718
2024-11-06 10:56:00,1777.095,1800.0,48.04536,10.5157166496125,1.1534633321170253
2024-11-06 10:58:00,1767.3224999999998,1800.0,48.04536,10.484255715637115,1.1500123991046662
2024-11-06 11:02:00,1773.333,1800.0,48.04536,10.00751851686861,1.097719350883752
2024-11-06 11:04:00,1767.1799999999998,1800.0,48.04536,10.21439394795535,1.120411406216305
2024-11-06 11:08:00,1777.359,1800.0,48.04536,9.667544892731629,1.0604278259791329
2024-11-06 11:10:00,1780.065,1800.0,48.04536,9.501190247997448,1.0421804740180753
2024-11-06 11:12:00,1807.6125,1800.0,48.04536,11.634935424342414,1.2762298405998753
2024-11-06 11:16:00,1764.9645,1800.0,48.04536,11.119554132824954,1.219697942524587
2024-11-06 11:20:00,1780.8165,1800.0,48.04536,11.064497790452368,1.2136588417915335
2024-11-06 11:22:00,1803.0045,1800.0,48.04536,12.354164257566607,1.3551216664419103
2024-11-06 11:26:00,1784.391,1800.0,48.04536,12.394972494063577,1.359597900065926
2024-11-06 11:28:00,1777.992,1800.0,48.04536,12.379914454562254,1.3579461917708964
2024-11-06 11:30:00,1803.978,1800.0,48.04536,13.414960903302305,1.471479882858283
2024-11-06 11:34:00,1782.3959999999995,1800.0,48.04536,13.38324771720797,1.4680012804459817
2024-11-06 11:38:00,1788.7305,1800.0,48.04536,12.778604450084384,1.4016782840323994
2024-11-06 11:42:00,1790.937,1800.0,48.04536,12.52984883586388,1.374392413822862
2024-11-06 11:44:00,1790.2365,1800.0,48.04536,12.618742538367123,1.3841431164815712
2024-11-06 11:46:00,1785.2385000000002,1800.0,48.04536,11.917503586923859,1.3072245911453257
2024-11-06 11:48:00,1786.395,1800.0,48.04536,11.93983913969705,1.3096745659767974
2024-11-06 11:52:00,1783.821,1800.0,48.04536,11.754960853781744,1.2893953657269688
2024-11-06 11:54:00,1779.7785,1800.0,48.04536,11.691424746914103,1.282426124164151
2024-11-06 11:58:00,1756.2435,1800.0,48.04536,12.728578331419309,1.396190945846045
2024-11-06 11:58:00,1778.6415,1800.0,48.04536,12.565784408997962,1.3783341676100656
2024-11-06 11:58:00,1770.9989999999998,1800.0,48.04536,12.33174512238288,1.3526625235005536
2024-11-06 11:58:00,1770.996,1800.0,48.04536,12.582927539987478,1.3802145884746595
2024-11-06 11:58:00,1776.2655,1800.0,48.04536,12.663745179474217,1.389079432102758
2024-11-06 11:58:00,1793.8215,1800.0,48.04536,11.593099525699321,1.2716408832649753
2024-11-06 11:58:00,1786.2495,1800.0,48.04536,10.853726086227857,1.190539406343475
2024-11-06 11:58:00,1759.5660000000005,1800.0,48.04536,12.103282524425257,1.327602583385676
2024-11-06 11:58:00,1784.1570000000002,1800.0,48.04536,11.11482648997511,1.2191793699102478
2024-11-06 11:58:00,1796.9115000000002,1800.0,48.04536,11.62466233059146,1.2751029904436797
2024-11-06 11:58:00,1781.529,1800.0,48.04536,11.584628337075165,1.2707116831179008
2024-11-06 11:58:00,1790.8334999999995,1800.0,48.04536,10.625901521240094,1.1655494517236367
2024-11-06 11:58:00,1784.4975,1800.0,48.04536,10.643653725170143,1.1674966814731498
2024-11-06 11:58:00,1792.557,1800.0,48.04536,10.808055485664138,1.1855298226069302
2024-11-06 11:58:00,1770.1349999999998,1800.0,48.04536,10.901622754489646,1.195793166254606
2024-11-06 11:58:00,1783.179,1800.0,48.04536,10.697297138346615,1.1733807987587692
2024-11-06 11:58:00,1787.3384999999998,1800.0,48.04536,10.755466676741571,1.1797613842975807
2024-11-06 11:58:00,1798.935,1800.0,48.04536,11.448390866601793,1.2557678678851842
2024-11-06 11:58:00,1768.101,1800.0,48.04536,11.802017925707045,1.2945570307652357
2024-11-06 11:58:00,1786.5225,1800.0,48.04536,11.875328468488618,1.3025984249729485
2024-11-06 11:58:00,1779.2055,1800.0,48.04536,10.385230110354335,1.1391503334518616
2024-11-06 11:58:00,1794.291,1800.0,48.04536,10.701846269004086,1.1738797904662528
2024-11-06 11:58:00,1797.753,1800.0,48.04536,10.81995820655967,1.1868354256925675
2024-11-06 11:58:00,1769.6955,1800.0,48.04536,10.906681879290371,1.1963480989467545
2024-11-06 11:58:00,1779.8160000000005,1800.0,48.04536,10.801226413656233,1.1847807453527617
2024-11-06 11:58:00,1756.9425,1800.0,48.04536,12.146246479430802,1.332315276619327
2024-11-06 11:58:00,1775.5875,1800.0,48.04536,12.202743710335952,1.338512427644468
2024-11-06 11:58:00,1789.0365000000002,1800.0,48.04536,11.095861112440815,1.2170990677972797
2024-11-06 11:58:00,1771.2045000000005,1800.0,48.04536,11.41962573619959,1.252612636124187
2024-11-06 11:58:00,1781.6864999999998,1800.0,48.04536,10.919148956240319,1.197715605946002
2024-11-06 11:58:00,1792.884,1800.0,48.04536,11.188412891640223,1.227251022931278
2024-11-06 11:58:00,1752.576,1800.0,48.04536,12.839123401593355,1.4083165754384672
2024-11-06 11:58:00,1781.5770000000002,1800.0,48.04536,12.80900157710447,1.405012528629097
2024-11-06 11:58:00,1794.96,1800.0,48.04536,12.939141332738396,1.4192874887840887
2024-11-06 11:58:00,1770.8295000000005,1800.0,48.04536,12.910559424577684,1.4161523545727146
2024-11-06 11:58:00,1779.2535000000005,1800.0,48.04536,12.899219051724392,1.4149084351429067
2024-11-06 11:58:00,1772.91,1800.0,48.04536,12.89479190064055,1.4144228233095808
2024-11-06 11:58:00,1751.0445,1800.0,48.04536,13.561941935438096,1.4876021536206467
2024-11-06 11:58:00,1742.9805,1800.0,42.1529,15.485040960139019,1.698545856549754
2024-11-06 11:58:00,1765.065,1800.0,43.28815,15.463702095798089,1.6962052079390681
2024-11-06 11:58:00,1740.8085,1800.0,46.19981,17.196018479876194,1.8862220651100228
2024-11-06 11:58:00,1825.722,1800.0,48.64207,20.381146718867793,2.2355970772165596
2024-11-06 11:58:00,1794.648,1800.0,48.64207,20.206713025944108,2.2164635387828624
2024-11-06 11:58:00,1817.4105,1800.0,48.64207,22.320620024688317,2.448336866279458
2024-11-06 11:58:00,1807.0965,1800.0,48.64207,23.322668747442894,2.5582510544612678
2024-11-06 11:58:00,1814.1045,1800.0,48.64207,24.069628232490118,2.640184640662522
2024-11-06 11:58:00,1804.8885,1800.0,48.64207,24.604206657019464,2.6988222619850983
2024-11-06 11:58:00,1801.125,1800.0,48.64207,24.918817291823615,2.7333317341620633
2024-11-06 11:58:00,1801.7835,1800.0,48.64207,25.085590113640663,2.7516249557435652
2024-11-06 11:58:00,1804.1835,1800.0,48.64207,25.446666689208598,2.7912312520980165
2024-11-06 11:58:00,1797.4740000000002,1800.0,48.64207,25.53453646971597,2.8008696413009213
2024-11-06 11:58:00,1789.8525,1800.0,48.64207,24.295112763414974,2.664917918198201
2024-11-06 11:58:00,1805.742,1800.0,48.64207,24.564245221570648,2.6944389135149143
2024-11-06 11:58:00,1809.897,1800.0,48.64207,24.97560587743411,2.7395608437289236
2024-11-06 11:58:00,1791.0705,1800.0,48.64207,24.57151597405687,2.6952364384643968
2024-11-06 11:58:00,1800.3405000000002,1800.0,48.64207,24.499903034773855,2.6873812534760178
2024-11-06 11:58:00,1814.6625,1800.0,48.64207,24.57469141771262,2.6955847511797497
2024-11-06 11:58:00,1823.298,1800.0,48.64207,23.20082719209532,2.5448863194551463
2024-11-06 11:58:00,1826.3595,1800.0,48.64207,20.160187113794695,2.211360136376178
2024-11-06 11:58:00,1822.9545000000005,1800.0,48.64207,18.71592610324157,2.0529399189827497
2024-11-06 11:58:00,1812.909,1800.0,48.64207,11.203718193433899,1.2289298532948407
2024-11-06 11:58:00,1817.9865,1800.0,48.64207,10.69156890938229,1.1727524723889673
2024-11-06 11:58:00,1811.5545,1800.0,48.64207,10.248729323162731,1.1241776351492285
2024-11-06 11:58:00,1825.2464999999995,1800.0,48.64207,10.736051598162046,1.1776317547176056
2024-11-06 11:58:00,1804.9964999999995,1800.0,48.64207,10.767173710304522,1.1810455225444236
2024-11-06 11:58:00,1819.038,1800.0,48.64207,10.944802828011774,1.200529565412692
2024-11-06 11:58:00,1807.866,1800.0,48.64207,10.902262039545802,1.1958632890903211
2024-11-06 11:58:00,1798.761,1800.0,48.64207,11.009184398299668,1.207591545405652
2024-11-06 11:58:00,1807.9875,1800.0,48.64207,10.872843945981025,1.192636434149435
2024-11-06 11:58:00,1817.0955,1800.0,48.64207,10.91698729117857,1.1974784940621308
2024-11-06 11:58:00,1825.1715,1800.0,48.64207,10.967042044081918,1.2029689731227582
2024-11-06 11:58:00,1819.2015,1800.0,48.64207,9.799806563977745,1.0749355379221448
2024-11-06 11:58:00,1817.7045000000005,1800.0,48.64207,9.69109322617159,1.0630108300729586
2024-11-06 11:58:00,1796.373,1800.0,48.64207,10.415530544762584,1.142473971887709
2024-11-06 11:58:00,1847.1345,1800.0,48.64207,11.664272658643023,1.2794478261313442
2024-11-06 11:58:00,1826.454,1800.0,48.64207,11.294600090158148,1.238898639913728
2024-11-06 11:58:00,1815.5505,1800.0,48.64207,11.28609985763904,1.2379662539573586
2024-11-06 11:58:00,1801.875,1800.0,48.64207,11.684676993115987,1.2816859666608995
2024-11-06 11:58:00,1821.438,1800.0,48.64207,11.507973722593576,1.262303479474896
2024-11-06 11:58:00,1816.2795,1800.0,48.64207,11.38770668781921,1.2491114527878906
2024-11-06 11:58:00,1813.6635,1800.0,48.64207,11.379809893277832,1.248245257620386
2024-11-06 11:58:00,1799.9265,1800.0,48.64207,11.883274836455344,1.3034700578229514
2024-11-06 11:58:00,1831.35,1800.0,48.64207,12.422641632684917,1.3626329130749684
2024-11-06 11:58:00,1813.9545000000005,1800.0,48.64207,12.218735661072948,1.3402665761631833
2024-11-06 11:58:00,1806.5205,1800.0,48.64207,12.157065913218215,1.333502054521764
2024-11-06 11:58:00,1838.949,1800.0,48.64207,13.256294060594495,1.454075801787595
2024-11-06 11:58:00,1813.7685,1800.0,48.64207,13.126933179206192,1.4398862759318136
2024-11-06 11:58:00,1810.6755,1800.0,48.64207,12.538716122574991,1.3753650617571338
2024-11-06 11:58:00,1801.3200000000002,1800.0,48.64207,12.876536243014147,1.4124203699935234
2024-11-06 11:58:00,1822.8435,1800.0,48.64207,12.949293096201739,1.4204010302859629
2024-11-06 11:58:00,1800.12,1800.0,48.64207,13.324228599767109,1.4615275050362524
2024-11-06 11:58:00,1824.6825,1800.0,48.64207,13.45457272600565,1.4758248824935014
2024-11-06 11:58:00,1798.8135000000002,1800.0,48.64207,13.983473950568467,1.5338397747897372
2024-11-06 11:58:00,1818.9735,1800.0,48.64207,13.287655072988418,1.4575157744551537
2024-11-06 11:58:00,1827.0915,1800.0,48.64207,11.463570254772039,1.2574328868507718
2024-11-06 11:58:00,1821.8115,1800.0,48.64207,11.269317970882705,1.2361254577793932
2024-11-06 11:58:00,1814.751,1800.0,48.64207,11.268607053122231,1.2360474775906738
2024-11-06 11:58:00,1816.2615,1800.0,48.64207,10.841784111526948,1.189229497528932
2024-11-06 11:58:00,1826.3055,1800.0,48.64207,11.031297701577268,1.2100171418088828
2024-11-06 11:58:00,1816.6155,1800.0,48.64207,11.032156966736762,1.2101113941444168
2024-11-06 11:58:00,1830.498,1800.0,48.64207,11.483905763921555,1.2596634779674278
2024-11-06 11:58:00,1834.662,1800.0,48.64207,11.430332961110496,1.2537871058950052
2024-11-06 11:58:00,1850.475,1800.0,48.64207,13.221692145137325,1.4502803361973038
2024-11-06 11:58:00,1808.907,1800.0,48.64207,13.379436058738351,1.467583181668147
2024-11-06 11:58:00,1821.345,1800.0,48.64207,13.04638118857576,1.4310505711846093
2024-11-06 11:58:00,1804.098,1800.0,48.08437,12.697062792620473,1.392734023259822
2024-11-06 11:58:00,1841.571,1800.0,48.08437,13.670863622370124,1.4995497151739579
2024-11-06 11:58:00,1843.5345,1800.0,48.08437,14.492781875811376,1.5897054885683548
2024-11-06 11:58:00,1837.7205,1800.0,48.08437,14.141691385727889,1.5511945605869297
2024-11-06 11:58:00,1828.5855,1800.0,48.08437,14.195376631391717,1.5570832664557022
2024-11-06 11:58:00,1837.0665,1800.0,48.08437,13.395951304987463,1.4693947301915598
2024-11-06 11:58:00,1806.3075,1800.0,48.08437,14.046784558445905,1.5407842814889885
2024-11-06 11:58:00,1810.7595,1800.0,47.49154,13.131526972572114,1.440390166667887
2024-11-06 11:58:00,1804.1865,1800.0,47.49154,13.875992105918103,1.5220501487658122
2024-11-06 11:58:00,1825.8375,1800.0,47.49154,13.864723384312512,1.5208140887230226
2024-11-06 11:58:00,1812.96,1800.0,47.49154,14.080043661965286,1.5444324547563906
2024-11-06 11:58:00,1825.239,1800.0,47.49154,13.926720314662866,1.5276144988373044
2024-11-06 11:58:00,1819.674,1800.0,47.49154,13.845696903819862,1.5187270842592497
2024-11-06 11:58:00,1821.093,1800.0,47.49154,13.8553596664252,1.5197869875186836
2024-11-06 11:58:00,1826.3625,1800.0,47.49154,13.750870655562046,1.5083256438313501
2024-11-06 11:58:00,1823.9805,1800.0,47.49154,13.679388235102417,1.5004847753828652
2024-11-06 11:58:00,1820.5695,1800.0,47.49154,13.47453567588673,1.478014607783367
2024-11-06 11:58:00,1806.6765,1800.0,47.49154,12.376456274116103,1.3575668658083024
2024-11-06 11:58:00,1831.3665,1800.0,47.49154,12.208320424448969,1.339124134431309
2024-11-06 11:58:00,1804.1295,1800.0,47.49154,12.87859342658236,1.4126460213582785
2024-11-06 11:58:00,1838.952,1800.0,47.49154,12.745112419847924,1.398004561158045
2024-11-06 11:58:00,1831.8105,1800.0,47.49154,12.184360171816182,1.3364959471416489
2024-11-06 11:58:00,1826.844,1800.0,47.49154,11.226318381016243,1.2314088557769172
2024-11-06 11:58:00,1800.966,1800.0,47.49154,11.522904799011934,1.2639412612572958
2024-11-06 11:58:00,1813.9964999999995,1800.0,47.49154,11.423360202338127,1.2530222677165324
2024-11-06 11:58:00,1822.1775,1800.0,47.49154,10.674743422616089,1.1709068937492508
2024-11-06 11:58:00,1832.967,1800.0,47.49154,10.711004756047286,1.1748843800091244
2024-11-06 11:58:00,1826.874,1800.0,47.49154,10.582470461830132,1.1607855220578223
2024-11-06 11:58:00,1840.0155,1800.0,47.49154,10.648579013514881,1.1680369337160597
2024-11-06 11:58:00,1830.006,1800.0,47.49154,10.755038460614845,1.1797144134997875
2024-11-06 11:58:00,1818.6825,1800.0,47.49154,10.552773056441106,1.1575280295524
2024-11-06 11:58:00,1819.4204999999995,1800.0,47.49154,10.571442599850622,1.1595758817785284
2024-11-06 11:58:00,1825.0635,1800.0,47.49154,10.555487041879024,1.157825725162775
2024-11-06 11:58:00,1833.0135,1800.0,47.49154,10.770690674957311,1.1814312965151867
2024-11-06 11:58:00,1840.818,1800.0,47.49154,11.424394162755426,1.2531356822814124
2024-11-06 11:58:00,1824.6375,1800.0,47.49154,11.424019140514517,1.2530945462924892
2024-11-06 11:58:00,1815.225,1800.0,47.49154,11.580980321191225,1.2703115342077207
2024-11-06 11:58:00,1808.3505,1800.0,47.49154,11.45314576919127,1.2562894306057766
2024-11-06 11:58:00,1830.27,1800.0,47.49154,11.419942791206235,1.252647413718203
2024-11-06 11:58:00,1826.25,1800.0,47.49154,10.398160091539335,1.1405686161689421
2024-11-06 11:58:00,1844.199,1800.0,47.49154,10.817999331149583,1.18662055769707
2024-11-06 11:58:00,1826.043,1800.0,46.83345,10.719577807951628,1.175824753484893
2024-11-06 11:58:00,1824.8955,1800.0,46.83345,10.713573045063637,1.1751660942569828
2024-11-06 11:58:00,1839.8085,1800.0,46.07771,9.54771368232518,1.0472836046338256
2024-11-06 11:58:00,1829.664,1800.0,46.07771,9.04229498827849,0.9918444985439129
2024-11-06 11:58:00,1813.7625,1800.0,46.07771,9.507340030612225,1.0428550403822134
2024-11-06 11:58:00,1814.1075,1800.0,46.07771,9.864939465852128,1.0820799310747735
2024-11-06 11:58:00,1826.1285000000005,1800.0,46.07771,9.865080414072224,1.0820953916096117
2024-11-06 11:58:00,1838.634,1800.0,46.07771,9.76997570630398,1.0716634071070226
2024-11-06 11:58:00,1822.3815,1800.0,46.07771,9.772629223193238,1.0719544699546533
2024-11-06 11:58:00,1817.8905,1800.0,46.07771,9.805679056831803,1.075579688520813
2024-11-06 11:58:00,1818.8325,1800.0,46.07771,9.82739068743502,1.0779612256633344
2024-11-06 11:58:00,1847.28,1800.0,46.07771,10.91187863639651,1.1969181284528343
2024-11-06 11:58:00,1826.526,1800.0,46.07771,10.82320280133101,1.1871913235567855
2024-11-06 11:58:00,1821.7935,1800.0,46.07771,10.350676743025932,1.1353601930798358
2024-11-06 11:58:00,1834.4685,1800.0,46.07771,10.522869113541136,1.154247882057925
2024-11-06 11:58:00,1819.1475,1800.0,46.07771,10.340054465259435,1.1341950411158306
2024-11-06 11:58:00,1845.4275,1800.0,45.52598,10.23390411687834,1.1225514662051703
2024-11-06 11:58:00,1830.4515,1800.0,45.52598,10.235752806072055,1.1227542479335568
2024-11-06 11:58:00,1836.993,1800.0,45.52598,10.39843116389024,1.1405983499500565
2024-11-06 11:58:00,1829.3655,1800.0,43.8877,9.760878442580356,1.0706655331173136
2024-11-06 11:58:00,1829.34,1800.0,43.8877,9.750722516537541,1.0695515350243248
2024-11-06 11:58:00,1843.4355,1800.0,43.8877,10.272847374192256,1.1268231312605859
2024-11-06 11:58:00,1841.4285,1800.0,43.8877,10.366261657530883,1.1370696940120715
2024-11-06 11:58:00,1797.183,1800.0,42.08238,12.61532724620056,1.3837684949114146
2024-11-06 11:58:00,1798.4775,1800.0,42.08238,13.903206999023169,1.5250353358272508
2024-11-06 11:58:00,1795.7354999999998,1800.0,42.08238,15.33101308063989,1.6816506208710205
2024-11-06 11:58:00,1802.5035000000005,1800.0,42.08238,16.209313028474725,1.777990872152431
2024-11-06 11:58:00,1790.3745,1800.0,42.08238,17.58532713841227,1.9289251235376745
2024-11-06 11:58:00,1812.192,1800.0,42.08238,17.734441112226,1.94528135553131
2024-11-06 11:58:00,1791.4229999999998,1800.0,42.08238,18.995403586872285,2.083595654607981
2024-11-06 11:58:00,1786.7670000000005,1800.0,42.08238,20.45152611542447,2.2433169555633814
2024-11-06 11:58:00,1810.698,1800.0,42.08238,19.399445424721666,2.127914787590478
2024-11-06 11:58:00,1790.283,1800.0,42.08238,20.159011432527578,2.2112311765271193
2024-11-06 11:58:00,1803.8265,1800.0,42.08238,20.25799074562794,2.2220881644152066
2024-11-06 11:58:00,1814.115,1800.0,42.08238,19.704470029781714,2.161372773294496
2024-11-06 11:58:00,1796.7165,1800.0,42.08238,19.9997676185671,2.1937638077884754
2024-11-06 11:58:00,1800.4605,1800.0,42.08238,18.559684888768924,2.0358019037751727
2024-11-06 11:58:00,1785.5655,1800.0,42.08238,18.681206466925506,2.049131540654441
2024-11-06 11:58:00,1791.1364999999998,1800.0,42.08238,17.703870379028075,1.9419280681658653
2024-11-06 11:58:00,1801.9425,1800.0,42.08238,16.801351000192042,1.8429312004582554
2024-11-06 11:58:00,1803.801,1800.0,42.08238,15.72450106940343,1.7248121077948761
2024-11-06 11:58:00,1814.937,1800.0,42.08238,12.8948752930431,1.4144319705775916
2024-11-06 11:58:00,1800.768,1800.0,42.08238,8.829086600258698,0.9684577845542703
2024-11-06 11:58:00,1803.825,1800.0,42.08238,8.864359733765362,0.972326875693228
2024-11-06 11:58:00,1815.555,1800.0,42.08238,9.530067287937557,1.0453479810764006
2024-11-06 11:58:00,1782.9584999999995,1800.0,42.08238,10.274693604446659,1.127025643269235
2024-11-06 11:58:00,1817.424,1800.0,42.08238,10.983817014499637,1.204809010651242
2024-11-06 11:58:00,1787.7255,1800.0,42.08238,11.130363960574474,1.2208836667458682
2024-11-06 11:58:00,1794.087,1800.0,42.08238,10.871709907036688,1.1925120420244788
2024-11-06 11:58:00,1804.53,1800.0,42.08238,10.740720077307108,1.178143837696827
2024-11-06 11:58:00,1808.1975,1800.0,42.08238,10.376488825172299,1.1381915065578878
2024-11-06 11:58:00,1801.4295,1800.0,42.08238,10.145063053167595,1.112806537467442
2024-11-06 11:58:00,1797.747,1800.0,42.08238,9.86487805110983,1.0820731945245552
2024-11-06 11:58:00,1805.3985,1800.0,42.08238,9.891979514264886,1.085045939515476
2024-11-06 11:58:00,1787.754,1800.0,42.08238,9.867048944132806,1.0823113186185553
2024-11-06 11:58:00,1802.757,1800.0,42.08238,9.850531386253602,1.0804995165336746
2024-11-06 11:58:00,1782.0465,1800.0,42.08238,10.670961616856212,1.170492069499173
2024-11-06 11:58:00,1811.298,1800.0,42.08238,10.454160750131505,1.1467112984427987
2024-11-06 11:58:00,1824.99,1800.0,42.08238,11.501209927516767,1.2615615624123682
2024-11-06 11:58:00,1808.61,1800.0,42.08238,11.581813521415084,1.270402927494413
2024-11-06 11:58:00,1803.3675,1800.0,42.08238,11.580231259029183,1.2702293699800051
2024-11-06 11:58:00,1799.736,1800.0,42.08238,11.233309189847375,1.2321756738566765
2024-11-06 11:58:00,1799.8604999999998,1800.0,42.08238,11.240421626649136,1.2329558332434487
2024-11-06 11:58:00,1822.5465,1800.0,42.08238,12.146504628556425,1.3323435928587755
2024-11-06 11:58:00,1812.183,1800.0,42.08238,11.983929375229627,1.3145108003187629
2024-11-06 11:58:00,1805.427,1800.0,42.08238,11.049391852166163,1.2120018795044218
2024-11-06 11:58:00,1801.1715,1800.0,42.08238,10.586965043812548,1.161278530350329
2024-11-06 11:58:00,1791.477,1800.0,42.08238,10.331440700985782,1.1332502019220583
2024-11-06 11:58:00,1813.4625,1800.0,42.08238,10.337328000832288,1.1338959766918046
2024-11-06 11:58:00,1780.992,1800.0,42.08238,11.564743223397544,1.2685304956395411
2024-11-06 11:58:00,1802.283,1800.0,42.08238,11.500893529479004,1.2615268568809173
2024-11-06 11:58:00,1796.118,1800.0,42.08238,11.593382112311865,1.271671880039287
2024-11-06 11:58:00,1793.7599999999998,1800.0,42.08238,11.712379093662143,1.2847245952458364
2024-11-06 11:58:00,1815.7155,1800.0,42.08238,12.079245379312756,1.3249659618010625
2024-11-06 11:58:00,1817.286,1800.0,42.08238,11.950386551640614,1.3108315059487474
2024-11-06 11:58:00,1795.9605,1800.0,42.08238,12.091013726930456,1.3262568255537601
2024-11-06 11:58:00,1807.1385,1800.0,42.08238,10.950514204584525,1.2011560432526804
2024-11-06 11:58:00,1799.2335,1800.0,42.08238,10.927399161207868,1.198620566514036
2024-11-06 11:58:00,1802.613,1800.0,42.08238,9.815099983776856,1.0766130649560817
2024-11-06 11:58:00,1819.611,1800.0,42.08238,10.409896968343658,1.1418560279049612
2024-11-06 11:58:00,1800.6525,1800.0,42.08238,10.436208906442054,1.1447421703149083
2024-11-06 11:58:00,1821.81,1800.0,42.08238,11.121685827197588,1.2199317669396075
2024-11-06 11:58:00,1818.1485,1800.0,42.08238,11.427504858981026,1.2534768928858
2024-11-06 11:58:00,1811.6205,1800.0,42.08238,10.834570038924344,1.1884381897655527
2024-11-06 11:58:00,1826.712,1800.0,42.08238,11.765135189324674,1.2905113831481738
2024-11-06 11:58:00,1822.3215,1800.0,42.08238,12.311156412506826,1.3504041589316966
2024-11-06 11:58:00,1822.1025,1800.0,42.08238,12.682229026021387,1.3911069153394258
2024-11-06 11:58:00,1784.025,1800.0,42.08238,13.286761164686096,1.4574177221318207
2024-11-06 11:58:00,1788.2055,1800.0,42.08238,13.884880437388786,1.5230251050885002
2024-11-06 11:58:00,1804.1625,1800.0,42.08238,12.564617531905588,1.3782061734862234
2024-11-06 11:58:00,1778.9924999999998,1800.0,42.08238,14.061235417668986,1.5423693885042127
2024-11-06 11:58:00,1790.742,1800.0,42.08238,14.315400734415412,1.5702486460889742
2024-11-06 11:58:00,1778.9265,1800.0,42.08238,15.333218831980755,1.6818925685552566
2024-11-06 11:58:00,1808.856,1800.0,42.08238,15.163738242061395,1.663302333339595
2024-11-06 11:58:00,1794.033,1800.0,42.08238,15.059684977049784,1.6518887863815404
2024-11-06 11:58:00,1786.8870000000002,1800.0,42.08238,15.43993937750437,1.6935986880853555
2024-11-07 12:00:00,1809.561,1800.0,42.08238,15.48075752889724,1.6980760092689964
